obsHistID expMJD
181866 59821.274782
181898 59821.289313
182014 59821.343024
185595 59825.256044
192895 59839.212084
193130 59839.325615
193170 59839.34463
193859 59840.251784
193861 59840.25268
193899 59840.27242
195529 59842.194696
197356 59844.223991
197394 59844.241759
199450 59849.178063
199504 59849.203519
199540 59849.219946
212083 59867.220238
212712 59868.131928
212748 59868.14905
219936 59877.132868
219966 59877.146397
250363 59926.150552
250364 59926.151001
250374 59926.1555
250375 59926.155949
250397 59926.166037
250407 59926.170531
261324 59943.162407
261369 59943.187269
398400 60143.415058
398420 60143.42413
401556 60147.365451
401557 60147.365899
401595 60147.384801
401596 60147.385248
405673 60153.388203
405724 60153.411682
405757 60153.426683
416929 60175.279007
416960 60175.293448
417008 60175.316013
417009 60175.31646
417057 60175.339617
417060 60175.340959
417099 60175.358647
429132 60195.230303
436418 60206.228554
436458 60206.246641
439120 60209.224161
440980 60211.24987
440982 60211.250774
440983 60211.251222
441020 60211.269354
445708 60221.145962
447526 60223.190851
448301 60224.160661
448346 60224.183071
451455 60232.132169
451456 60232.132617
451512 60232.158478
452599 60234.15928
456721 60240.147694
456731 60240.152169
470398 60267.040347
490000 60297.112948
632472 60520.391818
632507 60520.409016
638788 60531.314066
638820 60531.328527
638821 60531.328975
638837 60531.336535
638838 60531.336983
638862 60531.348133
638872 60531.352756
638917 60531.373701
643042 60536.295625
661025 60558.315372
661026 60558.31582
661061 60558.331584
671658 60578.270625
674104 60581.173874
676805 60584.207233
676806 60584.20768
676807 60584.208129
676808 60584.208576
676839 60584.223305
676841 60584.224205
676852 60584.229133
676894 60584.248127
684468 60593.16424
693009 60604.110753
693870 60605.134045
693967 60605.181322
693968 60605.181771
693974 60605.184471
693997 60605.194797
693998 60605.195244
694210 60605.297113
696246 60608.126803
698621 60611.118772
701057 60614.134381
701086 60614.147783
701129 60614.167505
704745 60621.122366
705395 60622.073568
705396 60622.074016
705397 60622.074463
705439 60622.094185
705440 60622.094632
705441 60622.095079
706922 60624.078174
715235 60635.100082
715236 60635.100541
718871 60643.090537
721759 60647.093789
755160 60695.1709
759434 60701.070825
787962 60739.029926
889405 60882.387167
889408 60882.38851
889447 60882.407886
889449 60882.408788
889457 60882.412478
889458 60882.412927
896739 60890.362813
896821 60890.401185
896822 60890.401633
896845 60890.412005
913624 60910.271873
916726 60913.348304
916788 60913.378703
920424 60933.270926
923017 60936.19481
923056 60936.212852
924894 60938.21077
924926 60938.225937
924928 60938.226832
924929 60938.227279
924934 60938.229578
924974 60938.248127
928525 60942.201835
928526 60942.202283
928549 60942.212802
928550 60942.21325
928551 60942.213698
928616 60942.243472
932974 60947.198473
943907 60962.128772
944853 60963.193088
944884 60963.207519
946375 60965.121808
952767 60975.115667
954400 60977.145116
955117 60978.117397
958607 60991.067816
958612 60991.070053
963223 60997.10802
966137 61001.089491
966178 61001.108396
969018 61006.055418
970737 61009.213318
982906 61028.083895
982974 61028.117356
988528 61036.061924
1027032 61093.06068
1027045 61093.066509
1028670 61095.060843
1028671 61095.061289
1028708 61095.078599
1145295 61259.39198
1153284 61268.350347
1153314 61268.364528
1153315 61268.364975
1170830 61302.193594
1171853 61303.265163
1171888 61303.282468
1182358 61315.225841
1182359 61315.226288
1182409 61315.250086
1182478 61315.283446
1182521 61315.305545
1182653 61315.368966
1182654 61315.369414
1183929 61317.156793
1185161 61318.333755
1185198 61318.35189
1185200 61318.352797
1186056 61319.362658
1188372 61322.225104
1188407 61322.240971
1188410 61322.242929
1189943 61324.202932
1189944 61324.203381
1189946 61324.204281
1189973 61324.216481
1189974 61324.216929
1189975 61324.217385
1189976 61324.217833
1192098 61327.16279
1192102 61327.164579
1192125 61327.175892
1192128 61327.177235
1192987 61328.193045
1193022 61328.209524
1193739 61329.16036
1195308 61331.163361
1195309 61331.163809
1195310 61331.164256
1195311 61331.164712
1195342 61331.178986
1195343 61331.179434
1224718 61383.141149
1224748 61383.156631
1224816 61383.190122
1230339 61392.058622
1240152 61413.112095
1240153 61413.112544
1240177 61413.123445
1240182 61413.125754
1240183 61413.126202
1245154 61421.143869
1245187 61421.160952
1254590 61434.120044
1254591 61434.120493
1254592 61434.120941
1254623 61434.135926
1265026 61449.061602
1265076 61449.085123
1265876 61450.089866
1396131 61623.375027
1398048 61625.32296
1398049 61625.323408
1398051 61625.324303
1398086 61625.343378
1398087 61625.343826
1398188 61625.396008
1398219 61625.410333
1398221 61625.411237
1407857 61651.343615
1412275 61656.2411
1414016 61672.378962
1419344 61681.260705
1419345 61681.261153
1419350 61681.263429
1419375 61681.27555
1419379 61681.277434
1419381 61681.27836
1419487 61681.329288
1419489 61681.330417
1419530 61681.349809
1422642 61685.221612
1423375 61686.169421
1423382 61686.172552
1423427 61686.195908
1424209 61687.175559
1433847 61700.119515
1439872 61709.174271
1439874 61709.175185
1439918 61709.195679
1442198 61712.257383
1442239 61712.277265
1451478 61733.220869
1453722 61736.264909
1453766 61736.28841
1456390 61740.191802
1456425 61740.210368
1467193 61756.103514
1467225 61756.118326
1467285 61756.145783
1467286 61756.146232
1467292 61756.148954
1468776 61758.194835
1468810 61758.210891
1475020 61769.203863
1475029 61769.207915
1476379 61771.192406
1490863 61792.061584
1490864 61792.062033
1490897 61792.077255
1491603 61793.069389
1491633 61793.087203
1493058 61795.08885
1493087 61795.102139
1493088 61795.102598
1498184 61803.083563
1498185 61803.084012
1499666 61805.104101
1499694 61805.120532
1519448 61831.038079
1519449 61831.038527
1519450 61831.038976
1519472 61831.049004
1519473 61831.049453
1519475 61831.05037
1636956 62026.288829
1639296 62029.207237
1640219 62030.214854
1640248 62030.229629
1640302 62030.258515
1650742 62042.36303
1650752 62042.367536
1659231 62053.150145
1660224 62054.225038
1660462 62054.340348
1660479 62054.348276
1660490 62054.353332
1660507 62054.36121
1662503 62057.221102
1668445 62067.113778
1669408 62068.31844
1670568 62070.115306
1670881 62070.267237
1678139 62083.180044
1678163 62083.190905
1678177 62083.197577
1678178 62083.198119
1687568 62098.05536
1695907 62111.1689
1696701 62112.210686
1696731 62112.22471
1702794 62121.176104
1702832 62121.195492
1702893 62121.225741
1705103 62125.078124
1707917 62129.120945
1719687 62146.140025
1719762 62146.175048
1719763 62146.175497
1719783 62146.184836
1719805 62146.195407
1727373 62157.087804
1727402 62157.10298
1737919 62171.105742
1743243 62178.083528
1743995 62179.063318
1744024 62179.077385
1744025 62179.077834
1744026 62179.078285
1749465 62186.046631
1749496 62186.061176
1764206 62204.031858
1764208 62204.032758
1876743 62351.41951
1876744 62351.419959
1876746 62351.420863
1876747 62351.421311
1879571 62354.339119
1879644 62354.372041
1879649 62354.374296
1886249 62362.372647
1886250 62362.373095
1886252 62362.373999
1886281 62362.387765
1899504 62380.278998
1908790 62391.298871
1908824 62391.315421
1908825 62391.315874
1908826 62391.316322
1909354 62393.265183
1910238 62394.248629
1910239 62394.249076
1910240 62394.249524
1910278 62394.267194
1910281 62394.268541
1910725 62395.257964
1919106 62409.214713
1919142 62409.232154
1931738 62425.19265
1939254 62436.109104
1940068 62437.127259
1940353 62437.266071
1943924 62442.107507
1946937 62454.118894
1946971 62454.134382
1947006 62454.150577
1947007 62454.151038
1947008 62454.151487
1955927 62467.271901
1971895 62494.069819
1974790 62498.157551
1974813 62498.168363
1974819 62498.171261
1976725 62501.116645
1976746 62501.126769
1984399 62512.075688
1984400 62512.076222
1984439 62512.094881
1984440 62512.095373
1995390 62527.126297
1998292 62531.114767
1998314 62531.12468
1998320 62531.127534
1998321 62531.127983
1998341 62531.137218
2006620 62542.100735
2017791 62556.046797
2017792 62556.047245
2017820 62556.060595
2017821 62556.061041
2135713 62735.284912
2135748 62735.300777
2140400 62740.285317
2140401 62740.285764
2140442 62740.305115
2146603 62747.278707
2148199 62750.236787
2148322 62750.295718
2148344 62750.305976
2148356 62750.311413
2148376 62750.321484
2159808 62763.294685
2159856 62763.317704
2160862 62764.384461
2161406 62765.221061
2163157 62767.212973
2163167 62767.217457
2163191 62767.228526
2163192 62767.228973
2163238 62767.250533
2168564 62775.215867
2169802 62777.189049
2170600 62779.165908
2170615 62779.172637
2170640 62779.184242
2170704 62779.213226
2180936 62793.1167
2183148 62796.104755
2184455 62798.153976
2184491 62798.17151
2194853 62819.081958
2196672 62822.082132
2197977 62825.088293
2203778 62835.056366
2205060 62837.175891
2205164 62837.227345
2211042 62850.057099
2212868 62852.261221
2218479 62863.180517
2218527 62863.205116
2219697 62865.126445
2229615 62882.129658
2229616 62882.130106
2229617 62882.130555
2229640 62882.141238
2249223 62919.073756
2249225 62919.074649
2249226 62919.075094
2250028 62920.069577
2343863 63066.359348
2343901 63066.377682
2343949 63066.400201
2343980 63066.414937
2345926 63068.365488
2351761 63077.369962
2351762 63077.370409
2351798 63077.387137
2351799 63077.387585
2361016 63088.381535
2361054 63088.400879
2361055 63088.401327
2376936 63117.243226
2378656 63119.368944
2379304 63121.243813
2380166 63122.210795
2382010 63124.220578
2382035 63124.232394
2382048 63124.238497
2382049 63124.238945
2382977 63125.251465
2385561 63131.188836
2395352 63146.359956
2395763 63147.153646
2395765 63147.154541
2395795 63147.168166
2395808 63147.174343
2395810 63147.175238
2395853 63147.194724
2395857 63147.196545
2395894 63147.21437
2406455 63160.131111
2406502 63160.155991
2423655 63191.066192
2432408 63204.155881
2432446 63204.173004
2432472 63204.184802
2432510 63204.202741
2441817 63220.059298
2442071 63220.19646
