obsHistID expMJD
13271 59598.111414
13320 59598.135262
46278 59641.008062
46306 59641.020724
180254 59819.414533
184047 59823.418685
187479 59827.254029
187493 59827.2603
187525 59827.278039
187528 59827.279466
187545 59827.287369
187546 59827.287816
187547 59827.288265
187553 59827.290967
187589 59827.307705
187603 59827.314787
191252 59836.278762
191253 59836.27921
191280 59836.291765
191299 59836.300643
191340 59836.319672
191376 59836.337167
208606 59862.13913
209036 59862.340565
209888 59863.353625
209889 59863.354109
210469 59864.233913
210471 59864.234836
210472 59864.23529
210522 59864.260556
236418 59906.017709
236458 59906.035889
237856 59908.019985
237857 59908.020433
237885 59908.03302
237886 59908.033468
238575 59909.021561
238613 59909.038773
238614 59909.03922
263903 59947.074776
286215 59984.023061
286255 59984.041429
295938 59996.016816
295972 59996.032231
308757 60012.01442
308758 60012.014867
308791 60012.030106
314948 60018.994862
314954 60018.997556
314997 60019.017241
316732 60021.008047
395389 60140.442498
398451 60143.439477
408909 60160.339157
409007 60160.385859
409008 60160.386307
409035 60160.398501
409037 60160.399405
427038 60187.328854
436768 60206.394103
436769 60206.394551
443780 60216.196877
443820 60216.215004
443821 60216.215451
443856 60216.231298
443857 60216.231748
443899 60216.25097
462676 60247.292303
474771 60273.016235
474778 60273.01937
474779 60273.019818
474805 60273.031529
474807 60273.032444
476291 60275.02942
476327 60275.046174
476328 60275.046622
476369 60275.066217
477790 60277.038706
484866 60290.032204
484904 60290.049672
484905 60290.050121
484906 60290.050584
516293 60336.033845
516300 60336.03705
516331 60336.051778
516336 60336.05423
523888 60350.036889
523889 60350.037338
523890 60350.037787
538392 60369.011023
538393 60369.011479
538431 60369.029012
538433 60369.029915
627968 60512.402194
627971 60512.403536
627997 60512.420571
627998 60512.421019
628000 60512.421918
648513 60542.295633
648519 60542.298317
688415 60598.306482
688416 60598.307017
688451 60598.326317
691013 60601.33412
691047 60601.35092
691048 60601.351369
707630 60625.053664
707631 60625.054114
707639 60625.057852
707660 60625.067497
707669 60625.071926
707672 60625.073268
707715 60625.09353
711858 60630.235885
712356 60631.130769
712519 60631.211004
712574 60631.238439
721609 60647.02202
721618 60647.026046
721639 60647.03558
724501 60651.050718
726567 60654.032179
726568 60654.032627
726608 60654.051685
745914 60682.063556
749661 60687.150986
749662 60687.151435
749698 60687.168761
750232 60688.091421
769987 60715.036737
769988 60715.037186
770035 60715.059119
778844 60727.023974
796365 60753.00923
902858 60897.433582
903692 60898.358971
903729 60898.376331
903742 60898.383128
903765 60898.394617
957632 60982.326914
968196 61005.022643
968226 61005.036136
968978 61006.036063
968993 61006.042876
971045 61010.021482
971046 61010.021929
971087 61010.040512
972811 61012.201165
972851 61012.22186
972852 61012.222309
973521 61013.219637
974818 61015.180381
974819 61015.18083
992262 61041.191737
992264 61041.192639
992293 61041.207047
992294 61041.207496
1003699 61063.050025
1006662 61067.031379
1006663 61067.031828
1006675 61067.03721
1006697 61067.047656
1006698 61067.048105
1006706 61067.051814
1014261 61077.028439
1014292 61077.042453
1020566 61085.021311
1020567 61085.021759
1030541 61098.021599
1041598 61111.007604
1041599 61111.00805
1041603 61111.009834
1041604 61111.010282
1041606 61111.01118
1044112 61114.004536
1047470 61118.011824
1049266 61119.994308
1172963 61304.388057
1172967 61304.38987
1172992 61304.401256
1172993 61304.401705
1178286 61310.360158
1178323 61310.378025
1178324 61310.378474
1178334 61310.38328
1179994 61312.34112
1180040 61312.363325
1180041 61312.363774
1194149 61329.375455
1196530 61332.372998
1197610 61334.125097
1197654 61334.145099
1198526 61336.184499
1200300 61338.259973
1200344 61338.282685
1211674 61364.053644
1211705 61364.072963
1211728 61364.083899
1213024 61366.024208
1213025 61366.024655
1213065 61366.042876
1213066 61366.04333
1218058 61373.020458
1218063 61373.022698
1218093 61373.036242
1218094 61373.03669
1221624 61379.029217
1221625 61379.029665
1223100 61381.038997
1270529 61456.02786
1274637 61461.016273
1274638 61461.016721
1274696 61461.045688
1282822 61471.0026
1282851 61471.01555
1282855 61471.017367
1287961 61476.99833
1287993 61477.01279
1293799 61486.005843
1384071 61607.375019
1384076 61607.37727
1384115 61607.395628
1384119 61607.397418
1416240 61677.393426
1416241 61677.393875
1426661 61690.14276
1426663 61690.143655
1426706 61690.163839
1426798 61690.205985
1439481 61708.354863
1439512 61708.368866
1444904 61723.214545
1444935 61723.229453
1445002 61723.262049
1445081 61723.29967
1445122 61723.318816
1450369 61731.024208
1451098 61733.040319
1458081 61743.028913
1458110 61743.04226
1459510 61745.055505
1477411 61773.03985
1477414 61773.041242
1482296 61780.056658
1483816 61782.117346
1483859 61782.137935
1483860 61782.138384
1492938 61795.033294
1492969 61795.047203
1504172 61812.091847
1504173 61812.092296
1504206 61812.108014
1520230 61832.016534
1520259 61832.030104
1521032 61833.007615
1521063 61833.021788
1527797 61841.015078
1632981 62016.305181
1632982 62016.305629
1633002 62016.314587
1633016 62016.320872
1633017 62016.32132
1633046 62016.334755
1633134 62016.375699
1633206 62016.413094
1634363 62019.292171
1634396 62019.310111
1634397 62019.310559
1636460 62022.396666
1636461 62022.397115
1641527 62031.39026
1641528 62031.390709
1647616 62038.383875
1647649 62038.398981
1651947 62044.383364
1651948 62044.383813
1656229 62049.331697
1656230 62049.332145
1656264 62049.347601
1656284 62049.356624
1656314 62049.370238
1656347 62049.38526
1657097 62050.335179
1657136 62050.354242
1671776 62075.130348
1671777 62075.130796
1686076 62096.035294
1687520 62098.030602
1687560 62098.049091
1689935 62102.052527
1689973 62102.070275
1689974 62102.070723
1689976 62102.07166
1690576 62103.021027
1690589 62103.026847
1690604 62103.033627
1690605 62103.034074
1694972 62110.041481
1694973 62110.041932
1695039 62110.079548
1695040 62110.08057
1705718 62126.043854
1729437 62160.047507
1729477 62160.070318
1743916 62179.02611
1744706 62180.029427
1750230 62187.023165
1750232 62187.02407
1750270 62187.04227
1750271 62187.042719
1750272 62187.04317
1750273 62187.043619
1762469 62202.004397
1762470 62202.004845
1762501 62202.01972
1762502 62202.020169
1767602 62208.000118
1767603 62208.000565
1767604 62208.001014
1767605 62208.001463
1767640 62208.017308
1890291 62367.424653
1909621 62393.395742
1912830 62399.3934
1915315 62402.39955
1915316 62402.399999
1922552 62413.379072
1922554 62413.379996
1922566 62413.385421
1922567 62413.38587
1929954 62423.130091
1929956 62423.130989
1929986 62423.144567
1930036 62423.167758
1933278 62427.145066
1933310 62427.159791
1933311 62427.160238
1934097 62428.159171
1934133 62428.178208
1934134 62428.178655
1948066 62456.132113
1948067 62456.132561
1948103 62456.150986
1951974 62461.271956
1952531 62462.190762
1952573 62462.21186
1952593 62462.221189
1952643 62462.246325
1964175 62483.037065
1964222 62483.058442
1964223 62483.058891
1975236 62499.046326
1983643 62511.050685
1988704 62518.110643
1988745 62518.132579
1988746 62518.133028
2001129 62535.047708
2004927 62540.040052
2009584 62546.022796
2009585 62546.023263
2009626 62546.044087
2009628 62546.044993
2026517 62567.01042
2027389 62568.023149
2129136 62724.317996
2134344 62733.423369
2152267 62754.370277
2154118 62756.344563
2154161 62756.364483
2155438 62758.240515
2155521 62758.283201
2155616 62758.329105
2155653 62758.349404
2157191 62760.213433
2157194 62760.214785
2157195 62760.215232
2157229 62760.230723
2157231 62760.231619
2159122 62762.403923
2159123 62762.404372
2159124 62762.40486
2159125 62762.405308
2170215 62777.389049
2175268 62786.173941
2175619 62786.34924
2176061 62787.160244
2176106 62787.181483
2176107 62787.18193
2176117 62787.186404
2176161 62787.207697
2176162 62787.208144
2190291 62808.074939
2190333 62808.094743
2191831 62813.146796
2192927 62816.114588
2192977 62816.139525
2192978 62816.139973
2192979 62816.140421
2204769 62837.03236
2204819 62837.055817
2224679 62872.179611
2224711 62872.195697
2224712 62872.196145
2232352 62887.037739
2232392 62887.055943
2232393 62887.056392
2240183 62898.046771
2258002 62931.029298
2360601 63086.421303
2379631 63121.398615
2379632 63121.399063
2386482 63132.198776
2386899 63132.395347
2387358 63133.184178
2387388 63133.197863
2387389 63133.198311
2387419 63133.212047
2387421 63133.212949
2387445 63133.22411
2387448 63133.225453
2390049 63138.190648
2390088 63138.208172
2391058 63140.37783
2391896 63142.323564
2391897 63142.324051
2391944 63142.348165
2408009 63162.100595
2408020 63162.106015
2408039 63162.114721
2408050 63162.120082
2414014 63169.259399
2414454 63170.102445
2414491 63170.122435
2414735 63170.243352
2414774 63170.263096
2424989 63193.017765
2425000 63193.022712
2425035 63193.039572
2429634 63199.162212
2429725 63199.208814
2429816 63199.254103
2430431 63200.209181
2430432 63200.20963
2430481 63200.233852
2430482 63200.234301
2430798 63201.044678
2430843 63201.067521
