obsHistID expMJD
306 59580.176685
307 59580.177102
308 59580.177518
309 59580.177935
310 59580.178352
311 59580.178768
312 59580.179185
313 59580.179602
314 59580.180018
315 59580.180435
316 59580.180852
317 59580.181268
318 59580.181685
319 59580.182102
320 59580.182518
321 59580.182935
322 59580.183352
323 59580.183768
324 59580.184185
325 59580.184602
185671 59825.293173
185672 59825.29359
185673 59825.294006
185674 59825.294423
185675 59825.29484
185676 59825.295256
185677 59825.295673
185678 59825.29609
185679 59825.296506
185680 59825.296923
185681 59825.29734
185682 59825.297756
185683 59825.298173
185684 59825.29859
185685 59825.299006
185686 59825.299423
185687 59825.29984
185688 59825.300256
185689 59825.300673
185690 59825.30109
192971 59839.249214
192972 59839.249631
192973 59839.250047
192974 59839.250464
192975 59839.250881
192976 59839.251297
192977 59839.251714
192978 59839.252131
192979 59839.252547
192980 59839.252964
192981 59839.253381
192982 59839.253797
192983 59839.254214
192984 59839.254631
192985 59839.255047
192986 59839.255464
192987 59839.255881
192988 59839.256297
192989 59839.256714
192990 59839.257131
195605 59842.231942
195606 59842.232358
195607 59842.232775
195608 59842.233192
195609 59842.233608
195610 59842.234025
195611 59842.234442
195612 59842.234858
195613 59842.235275
195614 59842.235692
195615 59842.236108
195616 59842.236525
195617 59842.236942
195618 59842.237358
195619 59842.237775
195620 59842.238192
195621 59842.238608
195622 59842.239025
195623 59842.239442
195624 59842.239858
202516 59854.242093
202517 59854.242509
202518 59854.242926
202519 59854.243343
202520 59854.243759
202521 59854.244176
202522 59854.244593
202523 59854.245009
202524 59854.245426
202525 59854.245843
202526 59854.246259
202527 59854.246676
202528 59854.247093
202529 59854.247509
202530 59854.247926
202531 59854.248343
202532 59854.248759
202533 59854.249176
202534 59854.249593
202535 59854.250009
204463 59857.221123
204464 59857.22154
204465 59857.221957
204466 59857.222373
204467 59857.22279
204468 59857.223207
204469 59857.223623
204470 59857.22404
204471 59857.224457
204472 59857.224873
204473 59857.22529
204474 59857.225707
204475 59857.226123
204476 59857.22654
204477 59857.226957
204478 59857.227373
204479 59857.22779
204480 59857.228207
204481 59857.228623
204482 59857.22904
212026 59867.193187
212027 59867.193604
212028 59867.19402
212029 59867.194437
212030 59867.194854
212031 59867.19527
212032 59867.195687
212033 59867.196104
212034 59867.19652
212035 59867.196937
212036 59867.197354
212037 59867.19777
212038 59867.198187
212039 59867.198604
212040 59867.19902
212041 59867.199437
212042 59867.199854
212043 59867.20027
212044 59867.200687
212045 59867.201104
214391 59870.185236
214392 59870.185653
214393 59870.18607
214394 59870.186486
214395 59870.186903
214396 59870.18732
214397 59870.187736
214398 59870.188153
214399 59870.18857
214400 59870.188986
214401 59870.189403
214402 59870.18982
214403 59870.190236
214404 59870.190653
214405 59870.19107
214406 59870.191486
214407 59870.191903
214408 59870.19232
214409 59870.192736
214410 59870.193153
216824 59873.177415
216825 59873.177831
216826 59873.178248
216827 59873.178665
216828 59873.179081
216829 59873.179498
216830 59873.179915
216831 59873.180331
216832 59873.180748
216833 59873.181165
216834 59873.181581
216835 59873.181998
216836 59873.182415
216837 59873.182831
216838 59873.183248
216839 59873.183665
216840 59873.184081
216841 59873.184498
216842 59873.184915
216843 59873.185331
225533 59884.162357
225534 59884.162773
225535 59884.16319
225536 59884.163607
225537 59884.164023
225538 59884.16444
225539 59884.164857
225540 59884.165273
225541 59884.16569
225542 59884.166107
225543 59884.166523
225544 59884.16694
225545 59884.167357
225546 59884.167773
225547 59884.16819
225548 59884.168607
225549 59884.169023
225550 59884.16944
225551 59884.169857
225552 59884.170273
227791 59887.12827
227792 59887.128687
227793 59887.129104
227794 59887.12952
227795 59887.129937
227796 59887.130354
227797 59887.13077
227798 59887.131187
227799 59887.131604
227800 59887.13202
227801 59887.132437
227802 59887.132854
227803 59887.13327
227804 59887.133687
227805 59887.134104
227806 59887.13452
227807 59887.134937
227808 59887.135354
227809 59887.13577
227810 59887.136187
229279 59896.117097
229280 59896.117513
229281 59896.11793
229282 59896.118347
229283 59896.118763
229284 59896.11918
229285 59896.119597
229286 59896.120013
229287 59896.12043
229288 59896.120847
229289 59896.121263
229290 59896.12168
229291 59896.122097
229292 59896.122513
229293 59896.12293
229294 59896.123347
229295 59896.123763
229296 59896.12418
229297 59896.124597
229298 59896.125013
231488 59899.118604
231489 59899.119021
231490 59899.119437
231491 59899.119854
231492 59899.120271
231493 59899.120687
231494 59899.121104
231495 59899.121521
231496 59899.121937
231497 59899.122354
231498 59899.122771
231499 59899.123187
231500 59899.123604
231501 59899.124021
231502 59899.124437
231503 59899.124854
231504 59899.125271
231505 59899.125687
231506 59899.126104
231507 59899.126521
233587 59902.077704
233588 59902.078121
233589 59902.078537
233590 59902.078954
233591 59902.079371
233592 59902.079787
233593 59902.080204
233594 59902.080621
233595 59902.081037
233596 59902.081454
233597 59902.081871
233598 59902.082287
233599 59902.082704
233600 59902.083121
233601 59902.083537
233602 59902.083954
233603 59902.084371
233604 59902.084787
233605 59902.085204
233606 59902.085621
242061 59913.2778
242062 59913.278217
242063 59913.278633
242064 59913.27905
242065 59913.279467
242066 59913.279883
242067 59913.2803
242068 59913.280717
242069 59913.281133
242070 59913.28155
242071 59913.281967
242072 59913.282383
242073 59913.2828
242074 59913.283217
242075 59913.283633
242076 59913.28405
242077 59913.284467
242078 59913.284883
242079 59913.2853
242080 59913.285717
243796 59916.087598
243797 59916.088015
243798 59916.088432
243799 59916.088848
243800 59916.089265
243801 59916.089682
243802 59916.090098
243803 59916.090515
243804 59916.090932
243805 59916.091348
243806 59916.091765
243807 59916.092182
243808 59916.092598
243809 59916.093015
243810 59916.093432
243811 59916.093848
243812 59916.094265
243813 59916.094682
243814 59916.095098
243815 59916.095515
249520 59924.09209
249521 59924.092507
249522 59924.092923
249523 59924.09334
249524 59924.093757
249525 59924.094173
249526 59924.09459
249527 59924.095007
249528 59924.095423
249529 59924.09584
249530 59924.096257
249531 59924.096673
249532 59924.09709
249533 59924.097507
249534 59924.097923
249535 59924.09834
249536 59924.098757
249537 59924.099173
249538 59924.09959
249539 59924.100007
250940 59927.09355
250941 59927.093967
250942 59927.094384
250943 59927.0948
250944 59927.095217
250945 59927.095634
250946 59927.09605
250947 59927.096467
250948 59927.096884
250949 59927.0973
250950 59927.097717
250951 59927.098134
250952 59927.09855
250953 59927.098967
250954 59927.099384
250955 59927.0998
250956 59927.100217
250957 59927.100634
250958 59927.10105
250959 59927.101467
253007 59930.095095
253008 59930.095512
253009 59930.095928
253010 59930.096345
253011 59930.096762
253012 59930.097178
253013 59930.097595
253014 59930.098012
253015 59930.098428
253016 59930.098845
253017 59930.113151
253018 59930.114163
253019 59930.114604
253020 59930.115035
253021 59930.115465
253022 59930.115895
253023 59930.116325
253024 59930.116755
253025 59930.117185
253026 59930.117614
254990 59933.111023
254991 59933.11144
254992 59933.111857
254993 59933.112273
254994 59933.11269
254995 59933.113107
254996 59933.113523
254997 59933.11394
254998 59933.114357
254999 59933.114773
255000 59933.11519
255001 59933.115607
255002 59933.116023
255003 59933.11644
255004 59933.116857
255005 59933.117273
255006 59933.11769
255007 59933.118107
255008 59933.118523
255009 59933.11894
260510 59942.114415
260511 59942.114831
260512 59942.115248
260513 59942.115665
260514 59942.116081
260515 59942.116498
260516 59942.116915
260517 59942.117331
260518 59942.117748
260519 59942.118165
260520 59942.118581
260521 59942.118998
260522 59942.119415
260523 59942.119831
260524 59942.120248
260525 59942.120665
260526 59942.121081
260527 59942.121498
260528 59942.121915
260529 59942.122331
262603 59945.110139
262604 59945.110556
262605 59945.110973
262606 59945.111389
262607 59945.111806
262608 59945.112223
262609 59945.112639
262610 59945.113056
262611 59945.113473
262612 59945.113889
262613 59945.114306
262614 59945.114723
262615 59945.115139
262616 59945.115556
262617 59945.115973
262618 59945.116389
262619 59945.116806
262620 59945.117223
262621 59945.117639
262622 59945.118056
427596 60192.326151
427597 60192.326568
427598 60192.326984
427599 60192.327401
427600 60192.327818
427601 60192.328234
427602 60192.328651
427603 60192.329068
427604 60192.329484
427605 60192.329901
427606 60192.330318
427607 60192.330734
427608 60192.331151
427609 60192.331568
427610 60192.331984
427611 60192.332401
427612 60192.332818
427613 60192.333234
427614 60192.333651
427615 60192.334068
429208 60195.26749
429209 60195.267907
429210 60195.268324
429211 60195.26874
429212 60195.269157
429213 60195.269574
429214 60195.26999
429215 60195.270407
429216 60195.270824
429217 60195.27124
429218 60195.271657
429219 60195.272074
429220 60195.27249
429221 60195.272907
429222 60195.273324
429223 60195.27374
429224 60195.274157
429225 60195.274574
429226 60195.27499
429227 60195.275407
439196 60209.26129
439197 60209.261707
439198 60209.262124
439199 60209.26254
439200 60209.262957
439201 60209.263374
439202 60209.26379
439203 60209.264207
439204 60209.264624
439205 60209.26504
439206 60209.265457
439207 60209.265874
439208 60209.26629
439209 60209.266707
439210 60209.267124
439211 60209.26754
439212 60209.267957
439213 60209.268374
439214 60209.26879
439215 60209.269207
441871 60212.247891
441872 60212.248307
441873 60212.248724
441874 60212.249141
441875 60212.249557
441876 60212.249974
441877 60212.250391
441878 60212.250807
441879 60212.251224
441880 60212.251641
441881 60212.252057
441882 60212.252474
441883 60212.252891
441884 60212.253307
441885 60212.253724
441886 60212.254141
441887 60212.254557
441888 60212.254974
441889 60212.255391
441890 60212.255807
447602 60223.227981
447603 60223.228398
447604 60223.228814
447605 60223.229231
447606 60223.229648
447607 60223.230064
447608 60223.230481
447609 60223.230898
447610 60223.231314
447611 60223.231731
447612 60223.232148
447613 60223.232564
447614 60223.232981
447615 60223.233398
447616 60223.233814
447617 60223.234231
447618 60223.234648
447619 60223.235064
447620 60223.235481
447621 60223.235898
449312 60226.319835
449313 60226.320252
449314 60226.320669
449315 60226.321085
449316 60226.321502
449317 60226.321919
449318 60226.322335
449319 60226.322752
449320 60226.323169
449321 60226.323585
449322 60226.324002
449323 60226.324419
449324 60226.324835
449325 60226.325252
449326 60226.325669
449327 60226.326085
449328 60226.326502
449329 60226.326919
449330 60226.327335
449331 60226.327752
455413 60238.305817
455414 60238.306234
455415 60238.30665
455416 60238.307067
455417 60238.307484
455418 60238.3079
455419 60238.308317
455420 60238.308734
455421 60238.30915
455422 60238.309567
455423 60238.309984
455424 60238.3104
455425 60238.310817
455426 60238.311234
455427 60238.31165
455428 60238.312067
455429 60238.312484
455430 60238.3129
455431 60238.313317
455432 60238.313734
457577 60241.167399
457578 60241.167816
457579 60241.168233
457580 60241.168649
457581 60241.169066
457582 60241.169483
457583 60241.169899
457584 60241.170316
457585 60241.170733
457586 60241.171149
457587 60241.171566
457588 60241.171983
457589 60241.172399
457590 60241.172816
457591 60241.173233
457592 60241.173649
457593 60241.174066
457594 60241.174483
457595 60241.174899
457596 60241.175316
470474 60267.077477
470475 60267.077893
470476 60267.07831
470477 60267.078727
470478 60267.079143
470479 60267.07956
470480 60267.079977
470481 60267.080393
470482 60267.08081
470483 60267.081227
470484 60267.081643
470485 60267.08206
470486 60267.082477
470487 60267.082893
470488 60267.08331
470489 60267.083727
470490 60267.084143
470491 60267.08456
470492 60267.084977
470493 60267.085393
472820 60270.141363
472821 60270.14178
472822 60270.142196
472823 60270.142613
472824 60270.14303
472825 60270.143446
472826 60270.143863
472827 60270.14428
472828 60270.144696
472829 60270.145113
472830 60270.14553
472831 60270.145946
472832 60270.146363
472833 60270.14678
472834 60270.147196
472835 60270.147613
472836 60270.14803
472837 60270.148446
472838 60270.148863
472839 60270.14928
478627 60278.085623
478628 60278.08604
478629 60278.086456
478630 60278.086873
478631 60278.08729
478632 60278.087706
478633 60278.088123
478634 60278.08854
478635 60278.088956
478636 60278.089373
478637 60278.08979
478638 60278.090206
478639 60278.090623
478640 60278.09104
478641 60278.091456
478642 60278.091873
478643 60278.09229
478644 60278.092706
478645 60278.093123
478646 60278.09354
480759 60281.0884
480760 60281.088817
480761 60281.089234
480762 60281.08965
480763 60281.090067
480764 60281.090484
480765 60281.0909
480766 60281.091317
480767 60281.091734
480768 60281.09215
480769 60281.092567
480770 60281.092984
480771 60281.0934
480772 60281.093817
480773 60281.094234
480774 60281.09465
480775 60281.095067
480776 60281.095484
480777 60281.0959
480778 60281.096317
482889 60284.088866
482890 60284.089282
482891 60284.089699
482892 60284.090116
482893 60284.090532
482894 60284.090949
482895 60284.091366
482896 60284.091782
482897 60284.092199
482898 60284.092616
482899 60284.093032
482900 60284.093449
482901 60284.093866
482902 60284.094282
482903 60284.094699
482904 60284.095116
482905 60284.095532
482906 60284.095949
482907 60284.096366
482908 60284.096782
484642 60287.090837
484643 60287.091253
484644 60287.09167
484645 60287.092087
484646 60287.092503
484647 60287.09292
484648 60287.093337
484649 60287.093753
484650 60287.09417
484651 60287.094587
484652 60287.095003
484653 60287.09542
484654 60287.095837
484655 60287.096253
484656 60287.09667
484657 60287.097087
484658 60287.097503
484659 60287.09792
484660 60287.098337
484661 60287.098753
490076 60297.150077
490077 60297.150494
490078 60297.150911
490079 60297.151327
490080 60297.151744
490081 60297.152161
490082 60297.152577
490083 60297.152994
490084 60297.153411
490085 60297.153827
490086 60297.154244
490087 60297.154661
490088 60297.155077
490089 60297.155494
490090 60297.155911
490091 60297.156327
490092 60297.156744
490093 60297.157161
490094 60297.157577
490095 60297.157994
490654 60300.112004
490655 60300.11242
490656 60300.112837
490657 60300.113254
490658 60300.11367
490659 60300.114087
490660 60300.114504
490661 60300.11492
490662 60300.115337
490663 60300.115754
490664 60300.11617
490665 60300.116587
490666 60300.117004
490667 60300.11742
490668 60300.117837
490669 60300.118254
490670 60300.11867
490671 60300.119087
490672 60300.119504
490673 60300.11992
664633 60567.25631
664634 60567.256726
664635 60567.257143
664636 60567.25756
664637 60567.257976
664638 60567.258393
664639 60567.25881
664640 60567.259226
664641 60567.259643
664642 60567.26006
664643 60567.260476
664644 60567.260893
664645 60567.26131
664646 60567.261726
664647 60567.262143
664648 60567.26256
664649 60567.262976
664650 60567.263393
664651 60567.26381
664652 60567.264226
671734 60578.307755
671735 60578.308172
671736 60578.308588
671737 60578.309005
671738 60578.309422
671739 60578.309838
671740 60578.310255
671741 60578.310672
671742 60578.311088
671743 60578.311505
671744 60578.311922
671745 60578.312338
671746 60578.312755
671747 60578.313172
671748 60578.313588
671749 60578.314005
671750 60578.314422
671751 60578.314838
671752 60578.315255
671753 60578.315672
674180 60581.21105
674181 60581.211467
674182 60581.211883
674183 60581.2123
674184 60581.212717
674185 60581.213133
674186 60581.21355
674187 60581.213967
674188 60581.214383
674189 60581.2148
674190 60581.215217
674191 60581.215633
674192 60581.21605
674193 60581.216467
674194 60581.216883
674195 60581.2173
674196 60581.217717
674197 60581.218133
674198 60581.21855
674199 60581.218967
684544 60593.20137
684545 60593.201787
684546 60593.202203
684547 60593.20262
684548 60593.203037
684549 60593.203453
684550 60593.20387
684551 60593.204287
684552 60593.204703
684553 60593.20512
684554 60593.205537
684555 60593.205953
684556 60593.20637
684557 60593.206787
684558 60593.207203
684559 60593.20762
684560 60593.208037
684561 60593.208453
684562 60593.20887
684563 60593.209287
686545 60596.215142
686546 60596.215559
686547 60596.215976
686548 60596.216392
686549 60596.216809
686550 60596.217226
686551 60596.217642
686552 60596.218059
686553 60596.218476
686554 60596.218892
686555 60596.219309
686556 60596.219726
686557 60596.220142
686558 60596.220559
686559 60596.220976
686560 60596.221392
686561 60596.221809
686562 60596.222226
686563 60596.222642
686564 60596.223059
693946 60605.171175
693947 60605.171591
693948 60605.172008
693949 60605.172425
693950 60605.172841
693951 60605.173258
693952 60605.173675
693953 60605.174091
693954 60605.174508
693955 60605.174925
693956 60605.175341
693957 60605.175758
693958 60605.176175
693959 60605.176591
693960 60605.177008
693961 60605.177425
693962 60605.177841
693963 60605.178258
693964 60605.178675
693965 60605.179091
696322 60608.163933
696323 60608.164349
696324 60608.164766
696325 60608.165183
696326 60608.165599
696327 60608.166016
696328 60608.166433
696329 60608.166849
696330 60608.167266
696331 60608.167683
696332 60608.168099
696333 60608.168516
696334 60608.168933
696335 60608.169349
696336 60608.169766
696337 60608.170183
696338 60608.170599
696339 60608.171016
696340 60608.171433
696341 60608.171849
698697 60611.155902
698698 60611.156319
698699 60611.156735
698700 60611.157152
698701 60611.157569
698702 60611.157985
698703 60611.158402
698704 60611.158819
698705 60611.159235
698706 60611.159652
698707 60611.160069
698708 60611.160485
698709 60611.160902
698710 60611.161319
698711 60611.161735
698712 60611.162152
698713 60611.162569
698714 60611.162985
698715 60611.163402
698716 60611.163819
704821 60621.159496
704822 60621.159913
704823 60621.160329
704824 60621.160746
704825 60621.161163
704826 60621.161579
704827 60621.161996
704828 60621.162413
704829 60621.162829
704830 60621.163246
704831 60621.163663
704832 60621.164079
704833 60621.164496
704834 60621.164913
704835 60621.165329
704836 60621.165746
704837 60621.166163
704838 60621.166579
704839 60621.166996
704840 60621.167413
706998 60624.115303
706999 60624.11572
707000 60624.116137
707001 60624.116553
707002 60624.11697
707003 60624.117387
707004 60624.117803
707005 60624.11822
707006 60624.118637
707007 60624.119053
707008 60624.11947
707009 60624.119887
707010 60624.120303
707011 60624.12072
707012 60624.121137
707013 60624.121553
707014 60624.12197
707015 60624.122387
707016 60624.122803
707017 60624.12322
709723 60627.313291
709724 60627.313707
709725 60627.314124
709726 60627.314541
709727 60627.314957
709728 60627.315374
709729 60627.315791
709730 60627.316207
709731 60627.316624
709732 60627.317041
709733 60627.317457
709734 60627.317874
709735 60627.318291
709736 60627.318707
709737 60627.319124
709738 60627.319541
709739 60627.319957
709740 60627.320374
709741 60627.320791
709742 60627.321207
712957 60632.073193
712958 60632.073609
712959 60632.074026
712960 60632.074443
712961 60632.074859
712962 60632.075276
712963 60632.075693
712964 60632.076109
712965 60632.076526
712966 60632.076943
712967 60632.077359
712968 60632.077776
712969 60632.078193
712970 60632.078609
712971 60632.079026
712972 60632.079443
712973 60632.079859
712974 60632.080276
712975 60632.080693
712976 60632.081109
715192 60635.080057
715193 60635.080473
715194 60635.08089
715195 60635.081307
715196 60635.081723
715197 60635.08214
715198 60635.082557
715199 60635.082973
715200 60635.08339
715201 60635.083807
715202 60635.084223
715203 60635.08464
715204 60635.085057
715205 60635.085473
715206 60635.08589
715207 60635.086307
715208 60635.086723
715209 60635.08714
715210 60635.087557
715211 60635.087973
716659 60640.083574
716660 60640.083991
716661 60640.084408
716662 60640.084824
716663 60640.085241
716664 60640.085658
716665 60640.086074
716666 60640.086491
716667 60640.086908
716668 60640.087324
716669 60640.087741
716670 60640.088158
716671 60640.088574
716672 60640.088991
716673 60640.089408
716674 60640.089824
716675 60640.090241
716676 60640.090658
716677 60640.091074
716678 60640.091491
724719 60651.170656
724720 60651.171073
724721 60651.17149
724722 60651.171906
724723 60651.172323
724724 60651.17274
724725 60651.173156
724726 60651.173573
724727 60651.17399
724728 60651.174406
724729 60651.174823
724730 60651.17524
724731 60651.175656
724732 60651.176073
724733 60651.17649
724734 60651.176906
724735 60651.177323
724736 60651.17774
724737 60651.178156
724738 60651.178573
726690 60654.092879
726691 60654.093296
726692 60654.093712
726693 60654.094129
726694 60654.094546
726695 60654.094962
726696 60654.095379
726697 60654.095796
726698 60654.096212
726699 60654.096629
726700 60654.097046
726701 60654.097462
726702 60654.097879
726703 60654.098296
726704 60654.098712
726705 60654.099129
726706 60654.099546
726707 60654.099962
726708 60654.100379
726709 60654.100796
732246 60662.178263
732247 60662.178679
732248 60662.179096
732249 60662.179513
732250 60662.179929
732251 60662.180346
732252 60662.180763
732253 60662.181179
732254 60662.181596
732255 60662.182013
732256 60662.182429
732257 60662.182846
732258 60662.183263
732259 60662.183679
732260 60662.184096
732261 60662.184513
732262 60662.184929
732263 60662.185346
732264 60662.185763
732265 60662.186179
734173 60665.11164
734174 60665.112057
734175 60665.112474
734176 60665.11289
734177 60665.113307
734178 60665.113724
734179 60665.11414
734180 60665.114557
734181 60665.114974
734182 60665.11539
734183 60665.115807
734184 60665.116224
734185 60665.11664
734186 60665.117057
734187 60665.117474
734188 60665.11789
734189 60665.118307
734190 60665.118724
734191 60665.11914
734192 60665.119557
736220 60668.112485
736221 60668.112902
736222 60668.113319
736223 60668.113735
736224 60668.114152
736225 60668.114569
736226 60668.114985
736227 60668.115402
736228 60668.115819
736229 60668.116235
736230 60668.116652
736231 60668.117069
736232 60668.117485
736233 60668.117902
736234 60668.118319
736235 60668.118735
736236 60668.119152
736237 60668.119569
736238 60668.119985
736239 60668.120402
917348 60919.37354
917349 60919.373956
917350 60919.374373
917351 60919.37479
917352 60919.375206
917353 60919.375623
917354 60919.37604
917355 60919.376456
917356 60919.376873
917357 60919.37729
917358 60919.377706
917359 60919.378123
917360 60919.37854
917361 60919.378956
917362 60919.379373
917363 60919.37979
917364 60919.380206
917365 60919.380623
917366 60919.38104
917367 60919.381456
920500 60933.308055
920501 60933.308472
920502 60933.308889
920503 60933.309305
920504 60933.309722
920505 60933.310139
920506 60933.310555
920507 60933.310972
920508 60933.311389
920509 60933.311805
920510 60933.312222
920511 60933.312639
920512 60933.313055
920513 60933.313472
920514 60933.313889
920515 60933.314305
920516 60933.314722
920517 60933.315139
920518 60933.315555
920519 60933.315972
933050 60947.235603
933051 60947.236019
933052 60947.236436
933053 60947.236853
933054 60947.237269
933055 60947.237686
933056 60947.238103
933057 60947.238519
933058 60947.238936
933059 60947.239353
933060 60947.239769
933061 60947.240186
933062 60947.240603
933063 60947.241019
933064 60947.241436
933065 60947.241853
933066 60947.242269
933067 60947.242686
933068 60947.243103
933069 60947.243519
934771 60950.22787
934772 60950.228287
934773 60950.228703
934774 60950.22912
934775 60950.229537
934776 60950.229953
934777 60950.23037
934778 60950.230787
934779 60950.231203
934780 60950.23162
934781 60950.232037
934782 60950.232453
934783 60950.23287
934784 60950.233287
934785 60950.233703
934786 60950.23412
934787 60950.234537
934788 60950.234953
934789 60950.23537
934790 60950.235787
941743 60959.274287
941744 60959.274704
941745 60959.27512
941746 60959.275537
941747 60959.275954
941748 60959.27637
941749 60959.276787
941750 60959.277204
941751 60959.27762
941752 60959.278037
941753 60959.278454
941754 60959.27887
941755 60959.279287
941756 60959.279704
941757 60959.28012
941758 60959.280537
941759 60959.280954
941760 60959.295259
941761 60959.296272
941762 60959.296713
943983 60962.166006
943984 60962.166423
943985 60962.16684
943986 60962.167256
943987 60962.167673
943988 60962.16809
943989 60962.168506
943990 60962.168923
943991 60962.16934
943992 60962.169756
943993 60962.170173
943994 60962.17059
943995 60962.171006
943996 60962.171423
943997 60962.17184
943998 60962.172256
943999 60962.172673
944000 60962.17309
944001 60962.173506
944002 60962.173923
946451 60965.159007
946452 60965.159423
946453 60965.15984
946454 60965.160257
946455 60965.160673
946456 60965.16109
946457 60965.161507
946458 60965.161923
946459 60965.16234
946460 60965.162757
946461 60965.163173
946462 60965.16359
946463 60965.164007
946464 60965.164423
946465 60965.16484
946466 60965.165257
946467 60965.165673
946468 60965.16609
946469 60965.166507
946470 60965.166923
952843 60975.152796
952844 60975.153213
952845 60975.15363
952846 60975.154046
952847 60975.154463
952848 60975.15488
952849 60975.155296
952850 60975.155713
952851 60975.15613
952852 60975.156546
952853 60975.156963
952854 60975.15738
952855 60975.157796
952856 60975.158213
952857 60975.15863
952858 60975.159046
952859 60975.159463
952860 60975.15988
952861 60975.160296
952862 60975.160713
955193 60978.154527
955194 60978.154944
955195 60978.15536
955196 60978.155777
955197 60978.156194
955198 60978.15661
955199 60978.157027
955200 60978.157444
955201 60978.15786
955202 60978.158277
955203 60978.158694
955204 60978.15911
955205 60978.159527
955206 60978.159944
955207 60978.16036
955208 60978.160777
955209 60978.161194
955210 60978.16161
955211 60978.162027
955212 60978.162444
956905 60981.156023
956906 60981.156439
956907 60981.156856
956908 60981.157273
956909 60981.157689
956910 60981.158106
956911 60981.158523
956912 60981.158939
956913 60981.159356
956914 60981.159773
956915 60981.160189
956916 60981.160606
956917 60981.161023
956918 60981.161439
956919 60981.161856
956920 60981.162273
956921 60981.162689
956922 60981.163106
956923 60981.163523
956924 60981.163939
959475 60992.116685
959476 60992.117102
959477 60992.117519
959478 60992.117935
959479 60992.118352
959480 60992.118769
959481 60992.119185
959482 60992.119602
959483 60992.120019
959484 60992.120435
959485 60992.120852
959486 60992.121269
959487 60992.121685
959488 60992.122102
959489 60992.122519
959490 60992.122935
959491 60992.123352
959492 60992.123769
959493 60992.124185
959494 60992.124602
969094 61006.092547
969095 61006.092964
969096 61006.09338
969097 61006.093797
969098 61006.094214
969099 61006.09463
969100 61006.095047
969101 61006.095464
969102 61006.09588
969103 61006.096297
969104 61006.096714
969105 61006.09713
969106 61006.097547
969107 61006.097964
969108 61006.09838
969109 61006.098797
969110 61006.099214
969111 61006.09963
969112 61006.100047
969113 61006.100464
970477 61009.085923
970478 61009.08634
970479 61009.086757
970480 61009.087173
970481 61009.08759
970482 61009.088007
970483 61009.088423
970484 61009.08884
970485 61009.089257
970486 61009.089673
970487 61009.09009
970488 61009.090507
970489 61009.090923
970490 61009.09134
970491 61009.091757
970492 61009.092173
970493 61009.09259
970494 61009.093007
970495 61009.093423
970496 61009.09384
975393 61016.154178
975394 61016.154595
975395 61016.155011
975396 61016.155428
975397 61016.155845
975398 61016.156261
975399 61016.156678
975400 61016.157095
975401 61016.157511
975402 61016.157928
975403 61016.158345
975404 61016.158761
975405 61016.159178
975406 61016.159595
975407 61016.160011
975408 61016.160428
975409 61016.160845
975410 61016.161261
975411 61016.161678
975412 61016.162095
976778 61019.153312
976779 61019.153729
976780 61019.154145
976781 61019.154562
976782 61019.154979
976783 61019.155395
976784 61019.155812
976785 61019.156229
976786 61019.156645
976787 61019.157062
976788 61019.157479
976789 61019.157895
976790 61019.158312
976791 61019.158729
976792 61019.159145
976793 61019.159562
976794 61019.159979
976795 61019.160395
976796 61019.160812
976797 61019.161229
978835 61022.154919
978836 61022.155336
978837 61022.155753
978838 61022.156169
978839 61022.156586
978840 61022.157003
978841 61022.157419
978842 61022.157836
978843 61022.158253
978844 61022.158669
978845 61022.159086
978846 61022.159503
978847 61022.159919
978848 61022.160336
978849 61022.160753
978850 61022.161169
978851 61022.161586
978852 61022.162003
978853 61022.162419
978854 61022.162836
988604 61036.11365
988605 61036.114067
988606 61036.114483
988607 61036.1149
988608 61036.115317
988609 61036.115733
988610 61036.11615
988611 61036.116567
988612 61036.116983
988613 61036.1174
988614 61036.117817
988615 61036.118233
988616 61036.11865
988617 61036.119067
988618 61036.119483
988619 61036.1199
988620 61036.120317
988621 61036.120733
988622 61036.12115
988623 61036.121567
990702 61039.11409
990703 61039.114506
990704 61039.114923
990705 61039.11534
990706 61039.115756
990707 61039.116173
990708 61039.11659
990709 61039.117006
990710 61039.117423
990711 61039.11784
990712 61039.118256
990713 61039.118673
990714 61039.11909
990715 61039.119506
990716 61039.119923
990717 61039.12034
990718 61039.120756
990719 61039.121173
990720 61039.12159
990721 61039.122006
994196 61044.101536
994197 61044.101952
994198 61044.102369
994199 61044.102786
994200 61044.103202
994201 61044.103619
994202 61044.104036
994203 61044.104452
994204 61044.104869
994205 61044.105286
994206 61044.105702
994207 61044.106119
994208 61044.106536
994209 61044.106952
994210 61044.107369
994211 61044.107786
994212 61044.108202
994213 61044.108619
994214 61044.109036
994215 61044.109452
995611 61047.100533
995612 61047.10095
995613 61047.101366
995614 61047.101783
995615 61047.1022
995616 61047.102616
995617 61047.103033
995618 61047.10345
995619 61047.103866
995620 61047.104283
995621 61047.1047
995622 61047.105116
995623 61047.105533
995624 61047.10595
995625 61047.106366
995626 61047.106783
995627 61047.1072
995628 61047.107616
995629 61047.108033
995630 61047.10845
996998 61050.100874
996999 61050.101291
997000 61050.101708
997001 61050.102124
997002 61050.102541
997003 61050.102958
997004 61050.103374
997005 61050.103791
997006 61050.104208
997007 61050.104624
997008 61050.105041
997009 61050.105458
997010 61050.105874
997011 61050.106291
997012 61050.106708
997013 61050.107124
997014 61050.107541
997015 61050.107958
997016 61050.108374
997017 61050.108791
997718 61054.100745
997719 61054.101162
997720 61054.101579
997721 61054.101995
997722 61054.102412
997723 61054.102829
997724 61054.103245
997725 61054.103662
997726 61054.104079
997727 61054.104495
997728 61054.104912
997729 61054.105329
997730 61054.105745
997731 61054.106162
997732 61054.106579
997733 61054.106995
997734 61054.107412
997735 61054.107829
997736 61054.108245
997737 61054.108662
1170906 61302.230944
1170907 61302.23136
1170908 61302.231777
1170909 61302.232194
1170910 61302.23261
1170911 61302.233027
1170912 61302.233444
1170913 61302.23386
1170914 61302.234277
1170915 61302.234694
1170916 61302.23511
1170917 61302.235527
1170918 61302.235944
1170919 61302.23636
1170920 61302.236777
1170921 61302.237194
1170922 61302.23761
1170923 61302.238027
1170924 61302.238444
1170925 61302.23886
1173580 61305.258571
1173581 61305.258988
1173582 61305.259405
1173583 61305.259821
1173584 61305.260238
1173585 61305.260655
1173586 61305.261071
1173587 61305.261488
1173588 61305.261905
1173589 61305.262321
1173590 61305.262738
1173591 61305.263155
1173592 61305.263571
1173593 61305.263988
1173594 61305.264405
1173595 61305.264821
1173596 61305.265238
1173597 61305.265655
1173598 61305.266071
1173599 61305.266488
1181632 61314.297542
1181633 61314.297959
1181634 61314.298375
1181635 61314.298792
1181636 61314.299209
1181637 61314.299625
1181638 61314.300042
1181639 61314.300459
1181640 61314.300875
1181641 61314.301292
1181642 61314.301709
1181643 61314.302125
1181644 61314.302542
1181645 61314.302959
1181646 61314.303375
1181647 61314.303792
1181648 61314.304209
1181649 61314.304625
1181650 61314.305042
1181651 61314.305459
1184005 61317.194026
1184006 61317.194443
1184007 61317.19486
1184008 61317.195276
1184009 61317.195693
1184010 61317.19611
1184011 61317.196526
1184012 61317.196943
1184013 61317.19736
1184014 61317.197776
1184015 61317.198193
1184016 61317.19861
1184017 61317.199026
1184018 61317.199443
1184019 61317.19986
1184020 61317.200276
1184021 61317.200693
1184022 61317.20111
1184023 61317.201526
1184024 61317.201943
1194587 61330.19926
1194588 61330.199676
1194589 61330.200093
1194590 61330.20051
1194591 61330.200926
1194592 61330.201343
1194593 61330.20176
1194594 61330.202176
1194595 61330.202593
1194596 61330.20301
1194597 61330.203426
1194598 61330.203843
1194599 61330.20426
1194600 61330.204676
1194601 61330.205093
1194602 61330.20551
1194603 61330.205926
1194604 61330.206343
1194605 61330.20676
1194606 61330.207176
1196958 61333.196088
1196959 61333.196504
1196960 61333.196921
1196961 61333.197338
1196962 61333.197754
1196963 61333.198171
1196964 61333.198588
1196965 61333.199004
1196966 61333.199421
1196967 61333.199838
1196968 61333.200254
1196969 61333.200671
1196970 61333.201088
1196971 61333.201504
1196972 61333.201921
1196973 61333.202338
1196974 61333.202754
1196975 61333.203171
1196976 61333.203588
1196977 61333.204004
1198617 61336.230654
1198618 61336.23107
1198619 61336.231487
1198620 61336.231904
1198621 61336.23232
1198622 61336.232737
1198623 61336.233154
1198624 61336.23357
1198625 61336.233987
1198626 61336.234404
1198627 61336.23482
1198628 61336.235237
1198629 61336.235654
1198630 61336.23607
1198631 61336.236487
1198632 61336.236904
1198633 61336.23732
1198634 61336.237737
1198635 61336.238154
1198636 61336.23857
1203266 61344.155424
1203267 61344.15584
1203268 61344.156257
1203269 61344.156674
1203270 61344.15709
1203271 61344.157507
1203272 61344.157924
1203273 61344.15834
1203274 61344.158757
1203275 61344.159174
1203276 61344.15959
1203277 61344.160007
1203278 61344.160424
1203279 61344.16084
1203280 61344.161257
1203281 61344.161674
1203282 61344.16209
1203283 61344.162507
1203284 61344.162924
1203285 61344.16334
1204080 61348.157468
1204081 61348.157885
1204082 61348.158301
1204083 61348.158718
1204084 61348.159135
1204085 61348.159551
1204086 61348.159968
1204087 61348.160385
1204088 61348.160801
1204089 61348.161218
1204090 61348.161635
1204091 61348.162051
1204092 61348.162468
1204093 61348.162885
1204094 61348.163301
1204095 61348.163718
1204096 61348.164135
1204097 61348.164551
1204098 61348.164968
1204099 61348.165385
1208255 61359.117737
1208256 61359.118154
1208257 61359.11857
1208258 61359.118987
1208259 61359.119404
1208260 61359.11982
1208261 61359.120237
1208262 61359.120654
1208263 61359.12107
1208264 61359.121487
1208265 61359.121904
1208266 61359.12232
1208267 61359.122737
1208268 61359.123154
1208269 61359.12357
1208270 61359.123987
1208271 61359.124404
1208272 61359.12482
1208273 61359.125237
1208274 61359.125654
1210387 61362.11973
1210388 61362.120147
1210389 61362.120564
1210390 61362.12098
1210391 61362.121397
1210392 61362.121814
1210393 61362.12223
1210394 61362.122647
1210395 61362.123064
1210396 61362.12348
1210397 61362.123897
1210398 61362.124314
1210399 61362.12473
1210400 61362.125147
1210401 61362.125564
1210402 61362.12598
1210403 61362.126397
1210404 61362.126814
1210405 61362.12723
1210406 61362.127647
1212564 61365.147291
1212565 61365.147708
1212566 61365.148124
1212567 61365.148541
1212568 61365.148958
1212569 61365.149374
1212570 61365.149791
1212571 61365.150208
1212572 61365.150624
1212573 61365.151041
1212574 61365.151458
1212575 61365.151874
1212576 61365.152291
1212577 61365.152708
1212578 61365.153124
1212579 61365.153541
1212580 61365.153958
1212581 61365.154374
1212582 61365.154791
1212583 61365.155208
1216016 61370.082445
1216017 61370.082861
1216018 61370.083278
1216019 61370.083695
1216020 61370.084111
1216021 61370.084528
1216022 61370.084945
1216023 61370.085361
1216024 61370.085778
1216025 61370.086195
1216026 61370.086611
1216027 61370.087028
1216028 61370.087445
1216029 61370.087861
1216030 61370.088278
1216031 61370.088695
1216032 61370.089111
1216033 61370.089528
1216034 61370.089945
1216035 61370.090361
1218191 61373.084606
1218192 61373.085023
1218193 61373.085439
1218194 61373.085856
1218195 61373.086273
1218196 61373.086689
1218197 61373.087106
1218198 61373.087523
1218199 61373.087939
1218200 61373.088356
1218201 61373.088773
1218202 61373.089189
1218203 61373.089606
1218204 61373.090023
1218205 61373.090439
1218206 61373.090856
1218207 61373.091273
1218208 61373.091689
1218209 61373.092106
1218210 61373.092523
1220334 61376.086715
1220335 61376.087132
1220336 61376.087549
1220337 61376.087965
1220338 61376.088382
1220339 61376.088799
1220340 61376.089215
1220341 61376.089632
1220342 61376.090049
1220343 61376.090465
1220344 61376.090882
1220345 61376.091299
1220346 61376.091715
1220347 61376.092132
1220348 61376.092549
1220349 61376.092965
1220350 61376.093382
1220351 61376.093799
1220352 61376.094215
1220353 61376.094632
1228695 61389.093993
1228696 61389.094409
1228697 61389.094826
1228698 61389.095243
1228699 61389.095659
1228700 61389.096076
1228701 61389.096493
1228702 61389.096909
1228703 61389.097326
1228704 61389.097743
1228705 61389.098159
1228706 61389.098576
1228707 61389.098993
1228708 61389.099409
1228709 61389.099826
1228710 61389.100243
1228711 61389.100659
1228712 61389.101076
1228713 61389.101493
1228714 61389.101909
1230415 61392.095751
1230416 61392.096168
1230417 61392.110473
1230418 61392.111485
1230419 61392.111926
1230420 61392.112357
1230421 61392.112787
1230422 61392.113217
1230423 61392.113647
1230424 61392.114077
1230425 61392.114507
1230426 61392.114937
1230427 61392.115366
1230428 61392.115796
1230429 61392.116226
1230430 61392.116655
1230431 61392.117085
1230432 61392.117515
1230433 61392.117944
1230434 61392.118374
1235352 61406.172623
1235353 61406.17304
1235354 61406.173457
1235355 61406.173873
1235356 61406.17429
1235357 61406.174707
1235358 61406.175123
1235359 61406.17554
1235360 61406.175957
1235361 61406.176373
1235362 61406.17679
1235363 61406.177207
1235364 61406.177623
1235365 61406.17804
1235366 61406.178457
1235367 61406.178873
1235368 61406.17929
1235369 61406.179707
1235370 61406.180123
1235371 61406.18054
1412351 61656.278229
1412352 61656.278646
1412353 61656.279063
1412354 61656.279479
1412355 61656.279896
1412356 61656.280313
1412357 61656.280729
1412358 61656.281146
1412359 61656.281563
1412360 61656.281979
1412361 61656.282396
1412362 61656.282813
1412363 61656.283229
1412364 61656.283646
1412365 61656.284063
1412366 61656.284479
1412367 61656.284896
1412368 61656.285313
1412369 61656.285729
1412370 61656.286146
1422718 61685.258742
1422719 61685.259158
1422720 61685.259575
1422721 61685.259992
1422722 61685.260408
1422723 61685.260825
1422724 61685.261242
1422725 61685.261658
1422726 61685.262075
1422727 61685.262492
1422728 61685.262908
1422729 61685.263325
1422730 61685.263742
1422731 61685.264158
1422732 61685.264575
1422733 61685.264992
1422734 61685.265408
1422735 61685.265825
1422736 61685.266242
1422737 61685.266658
1425134 61688.20795
1425135 61688.208367
1425136 61688.208784
1425137 61688.2092
1425138 61688.209617
1425139 61688.210034
1425140 61688.21045
1425141 61688.210867
1425142 61688.211284
1425143 61688.2117
1425144 61688.212117
1425145 61688.212534
1425146 61688.21295
1425147 61688.213367
1425148 61688.213784
1425149 61688.2142
1425150 61688.214617
1425151 61688.215034
1425152 61688.21545
1425153 61688.215867
1427679 61691.339011
1427680 61691.339428
1427681 61691.339845
1427682 61691.340261
1427683 61691.340678
1427684 61691.341095
1427685 61691.341511
1427686 61691.341928
1427687 61691.342345
1427688 61691.342761
1427689 61691.343178
1427690 61691.343595
1427691 61691.344011
1427692 61691.344428
1427693 61691.344845
1427694 61691.345261
1427695 61691.345678
1427696 61691.346095
1427697 61691.346511
1427698 61691.346928
1433200 61698.193795
1433201 61698.194211
1433202 61698.194628
1433203 61698.195045
1433204 61698.195461
1433205 61698.195878
1433206 61698.196295
1433207 61698.196711
1433208 61698.197128
1433209 61698.197545
1433210 61698.197961
1433211 61698.198378
1433212 61698.198795
1433213 61698.199211
1433214 61698.199628
1433215 61698.200045
1433216 61698.200461
1433217 61698.200878
1433218 61698.201295
1433219 61698.201711
1434749 61701.17198
1434750 61701.172397
1434751 61701.172814
1434752 61701.17323
1434753 61701.173647
1434754 61701.174064
1434755 61701.17448
1434756 61701.174897
1434757 61701.175314
1434758 61701.17573
1434759 61701.176147
1434760 61701.176564
1434761 61701.17698
1434762 61701.177397
1434763 61701.177814
1434764 61701.17823
1434765 61701.178647
1434766 61701.179064
1434767 61701.17948
1434768 61701.179897
1436133 61704.198947
1436134 61704.199363
1436135 61704.19978
1436136 61704.200197
1436137 61704.200613
1436138 61704.20103
1436139 61704.201447
1436140 61704.201863
1436141 61704.20228
1436142 61704.202697
1436143 61704.203113
1436144 61704.20353
1436145 61704.203947
1436146 61704.204363
1436147 61704.20478
1436148 61704.205197
1436149 61704.205613
1436150 61704.20603
1436151 61704.206447
1436152 61704.206863
1446224 61725.127281
1446225 61725.127697
1446226 61725.128114
1446227 61725.128531
1446228 61725.128947
1446229 61725.129364
1446230 61725.129781
1446231 61725.130197
1446232 61725.130614
1446233 61725.131031
1446234 61725.131447
1446235 61725.131864
1446236 61725.132281
1446237 61725.132697
1446238 61725.133114
1446239 61725.133531
1446240 61725.133947
1446241 61725.134364
1446242 61725.134781
1446243 61725.135197
1448424 61728.125109
1448425 61728.125526
1448426 61728.125942
1448427 61728.126359
1448428 61728.126776
1448429 61728.127192
1448430 61728.127609
1448431 61728.128026
1448432 61728.128442
1448433 61728.128859
1448434 61728.129276
1448435 61728.129692
1448436 61728.130109
1448437 61728.130526
1448438 61728.130942
1448439 61728.131359
1448440 61728.131776
1448441 61728.132192
1448442 61728.132609
1448443 61728.133026
1450579 61731.126897
1450580 61731.127314
1450581 61731.127731
1450582 61731.128147
1450583 61731.128564
1450584 61731.128981
1450585 61731.129397
1450586 61731.129814
1450587 61731.130231
1450588 61731.130647
1450589 61731.131064
1450590 61731.131481
1450591 61731.131897
1450592 61731.132314
1450593 61731.132731
1450594 61731.133147
1450595 61731.133564
1450596 61731.133981
1450597 61731.134397
1450598 61731.134814
1458885 61744.088577
1458886 61744.088994
1458887 61744.089411
1458888 61744.089827
1458889 61744.090244
1458890 61744.090661
1458891 61744.091077
1458892 61744.091494
1458893 61744.091911
1458894 61744.092327
1458895 61744.092744
1458896 61744.093161
1458897 61744.093577
1458898 61744.093994
1458899 61744.094411
1458900 61744.094827
1458901 61744.095244
1458902 61744.095661
1458903 61744.096077
1458904 61744.096494
1460946 61747.090085
1460947 61747.090501
1460948 61747.090918
1460949 61747.091335
1460950 61747.091751
1460951 61747.092168
1460952 61747.092585
1460953 61747.093001
1460954 61747.093418
1460955 61747.093835
1460956 61747.094251
1460957 61747.094668
1460958 61747.095085
1460959 61747.095501
1460960 61747.095918
1460961 61747.096335
1460962 61747.096751
1460963 61747.097168
1460964 61747.097585
1460965 61747.098001
1466604 61755.158096
1466605 61755.158513
1466606 61755.158929
1466607 61755.159346
1466608 61755.159763
1466609 61755.160179
1466610 61755.160596
1466611 61755.161013
1466612 61755.161429
1466613 61755.161846
1466614 61755.162263
1466615 61755.162679
1466616 61755.163096
1466617 61755.163513
1466618 61755.163929
1466619 61755.164346
1466620 61755.164763
1466621 61755.165179
1466622 61755.165596
1466623 61755.166013
1468673 61758.146597
1468674 61758.147014
1468675 61758.147431
1468676 61758.147847
1468677 61758.148264
1468678 61758.148681
1468679 61758.149097
1468680 61758.149514
1468681 61758.149931
1468682 61758.150347
1468683 61758.150764
1468684 61758.151181
1468685 61758.151597
1468686 61758.152014
1468687 61758.152431
1468688 61758.152847
1468689 61758.153264
1468690 61758.153681
1468691 61758.154097
1468692 61758.154514
1470572 61762.235417
1470573 61762.235833
1470574 61762.23625
1470575 61762.236667
1470576 61762.237083
1470577 61762.2375
1470578 61762.237917
1470579 61762.238333
1470580 61762.23875
1470581 61762.239167
1470582 61762.239583
1470583 61762.24
1470584 61762.240417
1470585 61762.240833
1470586 61762.24125
1470587 61762.241667
1470588 61762.242083
1470589 61762.2425
1470590 61762.242917
1470591 61762.243333
1632361 62014.334034
1632362 62014.334451
1632363 62014.334868
1632364 62014.335284
1632365 62014.335701
1632366 62014.336118
1632367 62014.336534
1632368 62014.336951
1632369 62014.337368
1632370 62014.337784
1632371 62014.338201
1632372 62014.338618
1632373 62014.339034
1632374 62014.339451
1632375 62014.339868
1632376 62014.340284
1632377 62014.340701
1632378 62014.341118
1632379 62014.341534
1632380 62014.341951
1637032 62026.325959
1637033 62026.326375
1637034 62026.326792
1637035 62026.327209
1637036 62026.327625
1637037 62026.328042
1637038 62026.328459
1637039 62026.328875
1637040 62026.329292
1637041 62026.329709
1637042 62026.330125
1637043 62026.330542
1637044 62026.330959
1637045 62026.331375
1637046 62026.331792
1637047 62026.332209
1637048 62026.332625
1637049 62026.333042
1637050 62026.333459
1637051 62026.333875
1639372 62029.24447
1639373 62029.244887
1639374 62029.245304
1639375 62029.24572
1639376 62029.246137
1639377 62029.246554
1639378 62029.24697
1639379 62029.247387
1639380 62029.247804
1639381 62029.24822
1639382 62029.248637
1639383 62029.249054
1639384 62029.24947
1639385 62029.249887
1639386 62029.250304
1639387 62029.25072
1639388 62029.251137
1639389 62029.251554
1639390 62029.25197
1639391 62029.252387
1650459 62042.230215
1650460 62042.230632
1650461 62042.231049
1650462 62042.231465
1650463 62042.231882
1650464 62042.232299
1650465 62042.232715
1650466 62042.233132
1650467 62042.233549
1650468 62042.233965
1650469 62042.234382
1650470 62042.234799
1650471 62042.235215
1650472 62042.235632
1650473 62042.236049
1650474 62042.236465
1650475 62042.236882
1650476 62042.237299
1650477 62042.237715
1650478 62042.238132
1652730 62045.343988
1652731 62045.344405
1652732 62045.344822
1652733 62045.345238
1652734 62045.345655
1652735 62045.346072
1652736 62045.346488
1652737 62045.346905
1652738 62045.347322
1652739 62045.347738
1652740 62045.348155
1652741 62045.348572
1652742 62045.348988
1652743 62045.349405
1652744 62045.349822
1652745 62045.350238
1652746 62045.350655
1652747 62045.351072
1652748 62045.351488
1652749 62045.351905
1659307 62053.187274
1659308 62053.187691
1659309 62053.188108
1659310 62053.188524
1659311 62053.188941
1659312 62053.189358
1659313 62053.189774
1659314 62053.190191
1659315 62053.190608
1659316 62053.191024
1659317 62053.191441
1659318 62053.191858
1659319 62053.192274
1659320 62053.192691
1659321 62053.193108
1659322 62053.193524
1659323 62053.193941
1659324 62053.194358
1659325 62053.194774
1659326 62053.195191
1661667 62056.200113
1661668 62056.20053
1661669 62056.200947
1661670 62056.201363
1661671 62056.20178
1661672 62056.202197
1661673 62056.202613
1661674 62056.20303
1661675 62056.203447
1661676 62056.203863
1661677 62056.20428
1661678 62056.204697
1661679 62056.205113
1661680 62056.20553
1661681 62056.205947
1661682 62056.206363
1661683 62056.20678
1661684 62056.207197
1661685 62056.207613
1661686 62056.20803
1668521 62067.150908
1668522 62067.151325
1668523 62067.151741
1668524 62067.152158
1668525 62067.152575
1668526 62067.152991
1668527 62067.153408
1668528 62067.153825
1668529 62067.154241
1668530 62067.154658
1668531 62067.155075
1668532 62067.155491
1668533 62067.155908
1668534 62067.156325
1668535 62067.156741
1668536 62067.157158
1668537 62067.157575
1668538 62067.157991
1668539 62067.158408
1668540 62067.158825
1670644 62070.152435
1670645 62070.152852
1670646 62070.153269
1670647 62070.153685
1670648 62070.154102
1670649 62070.154519
1670650 62070.154935
1670651 62070.155352
1670652 62070.155769
1670653 62070.156185
1670654 62070.156602
1670655 62070.157019
1670656 62070.157435
1670657 62070.157852
1670658 62070.158269
1670659 62070.158685
1670660 62070.159102
1670661 62070.159519
1670662 62070.159935
1670663 62070.160352
1677584 62082.271412
1677585 62082.271828
1677586 62082.272245
1677587 62082.272662
1677588 62082.273078
1677589 62082.273495
1677590 62082.273912
1677591 62082.274328
1677592 62082.274745
1677593 62082.275162
1677594 62082.275578
1677595 62082.275995
1677596 62082.276412
1677597 62082.276828
1677598 62082.277245
1677599 62082.277662
1677600 62082.278078
1677601 62082.278495
1677602 62082.278912
1677603 62082.279328
1679493 62086.115089
1679494 62086.115505
1679495 62086.115922
1679496 62086.116339
1679497 62086.116755
1679498 62086.117172
1679499 62086.117589
1679500 62086.118005
1679501 62086.118422
1679502 62086.118839
1679503 62086.119255
1679504 62086.119672
1679505 62086.120089
1679506 62086.120505
1679507 62086.120922
1679508 62086.121339
1679509 62086.121755
1679510 62086.122172
1679511 62086.122589
1679512 62086.123005
1687644 62098.092489
1687645 62098.092906
1687646 62098.093323
1687647 62098.093739
1687648 62098.094156
1687649 62098.094573
1687650 62098.094989
1687651 62098.095406
1687652 62098.095823
1687653 62098.096239
1687654 62098.096656
1687655 62098.097073
1687656 62098.097489
1687657 62098.097906
1687658 62098.098323
1687659 62098.098739
1687660 62098.099156
1687661 62098.099573
1687662 62098.099989
1687663 62098.100406
1689645 62101.083338
1689646 62101.083755
1689647 62101.084171
1689648 62101.084588
1689649 62101.085005
1689650 62101.085421
1689651 62101.085838
1689652 62101.086255
1689653 62101.086671
1689654 62101.087088
1689655 62101.087505
1689656 62101.087921
1689657 62101.088338
1689658 62101.088755
1689659 62101.089171
1689660 62101.089588
1689661 62101.090005
1689662 62101.090421
1689663 62101.090838
1689664 62101.091255
1695873 62111.152814
1695874 62111.15323
1695875 62111.153647
1695876 62111.154064
1695877 62111.15448
1695878 62111.154897
1695879 62111.155314
1695880 62111.15573
1695881 62111.156147
1695882 62111.156564
1695883 62111.15698
1695884 62111.157397
1695885 62111.157814
1695886 62111.15823
1695887 62111.158647
1695888 62111.159064
1695889 62111.15948
1695890 62111.159897
1695891 62111.160314
1695892 62111.16073
1697960 62114.153615
1697961 62114.154032
1697962 62114.154448
1697963 62114.154865
1697964 62114.155282
1697965 62114.155698
1697966 62114.156115
1697967 62114.156532
1697968 62114.156948
1697969 62114.157365
1697970 62114.157782
1697971 62114.158198
1697972 62114.158615
1697973 62114.159032
1697974 62114.159448
1697975 62114.159865
1697976 62114.160282
1697977 62114.160698
1697978 62114.161115
1697979 62114.161532
1699970 62117.154952
1699971 62117.155368
1699972 62117.155785
1699973 62117.156202
1699974 62117.156618
1699975 62117.157035
1699976 62117.157452
1699977 62117.157868
1699978 62117.158285
1699979 62117.158702
1699980 62117.159118
1699981 62117.159535
1699982 62117.159952
1699983 62117.160368
1699984 62117.160785
1699985 62117.161202
1699986 62117.161618
1699987 62117.162035
1699988 62117.162452
1699989 62117.162868
1707200 62128.11277
1707201 62128.113186
1707202 62128.113603
1707203 62128.11402
1707204 62128.114436
1707205 62128.114853
1707206 62128.11527
1707207 62128.115686
1707208 62128.116103
1707209 62128.11652
1707210 62128.116936
1707211 62128.117353
1707212 62128.11777
1707213 62128.118186
1707214 62128.118603
1707215 62128.11902
1707216 62128.119436
1707217 62128.119853
1707218 62128.12027
1707219 62128.120686
1709234 62131.112887
1709235 62131.113304
1709236 62131.11372
1709237 62131.114137
1709238 62131.114554
1709239 62131.11497
1709240 62131.115387
1709241 62131.115804
1709242 62131.11622
1709243 62131.116637
1709244 62131.117054
1709245 62131.11747
1709246 62131.117887
1709247 62131.118304
1709248 62131.11872
1709249 62131.119137
1709250 62131.119554
1709251 62131.11997
1709252 62131.120387
1709253 62131.120804
1899580 62380.316128
1899581 62380.316544
1899582 62380.316961
1899583 62380.317378
1899584 62380.317794
1899585 62380.318211
1899586 62380.318628
1899587 62380.319044
1899588 62380.319461
1899589 62380.319878
1899590 62380.320294
1899591 62380.320711
1899592 62380.321128
1899593 62380.321544
1899594 62380.321961
1899595 62380.322378
1899596 62380.322794
1899597 62380.323211
1899598 62380.323628
1899599 62380.324044
1909430 62393.302313
1909431 62393.30273
1909432 62393.303146
1909433 62393.303563
1909434 62393.30398
1909435 62393.304396
1909436 62393.304813
1909437 62393.30523
1909438 62393.305646
1909439 62393.306063
1909440 62393.30648
1909441 62393.306896
1909442 62393.307313
1909443 62393.30773
1909444 62393.308146
1909445 62393.308563
1909446 62393.30898
1909447 62393.309396
1909448 62393.309813
1909449 62393.31023
1918393 62408.287516
1918394 62408.287933
1918395 62408.28835
1918396 62408.288766
1918397 62408.289183
1918398 62408.2896
1918399 62408.290016
1918400 62408.290433
1918401 62408.29085
1918402 62408.291266
1918403 62408.291683
1918404 62408.2921
1918405 62408.292516
1918406 62408.292933
1918407 62408.29335
1918408 62408.293766
1918409 62408.294183
1918410 62408.2946
1918411 62408.295016
1918412 62408.295433
1920822 62411.225397
1920823 62411.225814
1920824 62411.226231
1920825 62411.226647
1920826 62411.227064
1920827 62411.227481
1920828 62411.227897
1920829 62411.228314
1920830 62411.228731
1920831 62411.229147
1920832 62411.229564
1920833 62411.229981
1920834 62411.230397
1920835 62411.230814
1920836 62411.231231
1920837 62411.231647
1920838 62411.232064
1920839 62411.232481
1920840 62411.232897
1920841 62411.233314
1930468 62423.375773
1930469 62423.376189
1930470 62423.376606
1930471 62423.377023
1930472 62423.377439
1930473 62423.377856
1930474 62423.378273
1930475 62423.378689
1930476 62423.379106
1930477 62423.379523
1930478 62423.379939
1930479 62423.380356
1930480 62423.380773
1930481 62423.381189
1930482 62423.381606
1930483 62423.382023
1930484 62423.382439
1930485 62423.382856
1930486 62423.383273
1931814 62425.229779
1931815 62425.230196
1931816 62425.230613
1931817 62425.231029
1931818 62425.231446
1931819 62425.231863
1931820 62425.232279
1931821 62425.232696
1931822 62425.233113
1931823 62425.233529
1931824 62425.233946
1931825 62425.234363
1931826 62425.234779
1931827 62425.235196
1931828 62425.235613
1931829 62425.236029
1931830 62425.236446
1931831 62425.236863
1931832 62425.237279
1931833 62425.237696
1934279 62428.25044
1934280 62428.250857
1934281 62428.251274
1934282 62428.25169
1934283 62428.252107
1934284 62428.252524
1934285 62428.25294
1934286 62428.253357
1934287 62428.253774
1934288 62428.25419
1934289 62428.254607
1934290 62428.255024
1934291 62428.25544
1934292 62428.255857
1934293 62428.256274
1934294 62428.25669
1934295 62428.257107
1934296 62428.257524
1934297 62428.25794
1934298 62428.258357
1939330 62436.146233
1939331 62436.14665
1939332 62436.147067
1939333 62436.147483
1939334 62436.1479
1939335 62436.148317
1939336 62436.148733
1939337 62436.14915
1939338 62436.149567
1939339 62436.149983
1939340 62436.1504
1939341 62436.150817
1939342 62436.151233
1939343 62436.15165
1939344 62436.152067
1939345 62436.152483
1939346 62436.1529
1939347 62436.153317
1939348 62436.153733
1939349 62436.15415
1941666 62439.149842
1941667 62439.150259
1941668 62439.150675
1941669 62439.151092
1941670 62439.151509
1941671 62439.151925
1941672 62439.152342
1941673 62439.152759
1941674 62439.153175
1941675 62439.153592
1941676 62439.154009
1941677 62439.154425
1941678 62439.154842
1941679 62439.155259
1941680 62439.155675
1941681 62439.156092
1941682 62439.156509
1941683 62439.156925
1941684 62439.157342
1941685 62439.157759
1944000 62442.144637
1944001 62442.145054
1944002 62442.14547
1944003 62442.145887
1944004 62442.146304
1944005 62442.14672
1944006 62442.147137
1944007 62442.147554
1944008 62442.14797
1944009 62442.148387
1944010 62442.148804
1944011 62442.14922
1944012 62442.149637
1944013 62442.150054
1944014 62442.15047
1944015 62442.150887
1944016 62442.151304
1944017 62442.15172
1944018 62442.152137
1944019 62442.152554
1946179 62452.115943
1946180 62452.116359
1946181 62452.116776
1946182 62452.117193
1946183 62452.117609
1946184 62452.118026
1946185 62452.118443
1946186 62452.118859
1946187 62452.119276
1946188 62452.119693
1946189 62452.120109
1946190 62452.120526
1946191 62452.120943
1946192 62452.121359
1946193 62452.121776
1946194 62452.122193
1946195 62452.122609
1946196 62452.123026
1946197 62452.123443
1946198 62452.123859
1947304 62455.118082
1947305 62455.118499
1947306 62455.118915
1947307 62455.119332
1947308 62455.119749
1947309 62455.120165
1947310 62455.120582
1947311 62455.120999
1947312 62455.121415
1947313 62455.121832
1947314 62455.122249
1947315 62455.122665
1947316 62455.123082
1947317 62455.123499
1947318 62455.123915
1947319 62455.124332
1947320 62455.124749
1947321 62455.125165
1947322 62455.125582
1947323 62455.125999
1950007 62458.361438
1953356 62464.083856
1953357 62464.084272
1953358 62464.084689
1953359 62464.085106
1953360 62464.085522
1953361 62464.085939
1953362 62464.086356
1953363 62464.086772
1953364 62464.087189
1953365 62464.087606
1953366 62464.088022
1953367 62464.088439
1953368 62464.088856
1953369 62464.089272
1953370 62464.089689
1953371 62464.090106
1953372 62464.090522
1953373 62464.090939
1953374 62464.091356
1953375 62464.091772
1955532 62467.085448
1955533 62467.085864
1955534 62467.086281
1955535 62467.086698
1955536 62467.087114
1955537 62467.087531
1955538 62467.087948
1955539 62467.088364
1955540 62467.088781
1955541 62467.089198
1955542 62467.089614
1955543 62467.090031
1955544 62467.090448
1955545 62467.090864
1955546 62467.091281
1955547 62467.091698
1955548 62467.092114
1955549 62467.092531
1955550 62467.092948
1955551 62467.093364
1956948 62472.087276
1956949 62472.087692
1956950 62472.088109
1956951 62472.088526
1956952 62472.088942
1956953 62472.089359
1956954 62472.089776
1956955 62472.090192
1956956 62472.090609
1956957 62472.091026
1956958 62472.091442
1956959 62472.091859
1956960 62472.092276
1956961 62472.092692
1956962 62472.093109
1956963 62472.093526
1956964 62472.093942
1956965 62472.094359
1956966 62472.094776
1956967 62472.095192
1963609 62482.094814
1963610 62482.095231
1963611 62482.095647
1963612 62482.096064
1963613 62482.096481
1963614 62482.096897
1963615 62482.097314
1963616 62482.097731
1963617 62482.098147
1963618 62482.098564
1963619 62482.098981
1963620 62482.099397
1963621 62482.099814
1963622 62482.100231
1963623 62482.100647
1963624 62482.101064
1963625 62482.101481
1963626 62482.101897
1963627 62482.102314
1963628 62482.102731
1965671 62485.096012
1965672 62485.096429
1965673 62485.096846
1965674 62485.097262
1965675 62485.097679
1965676 62485.098096
1965677 62485.098512
1965678 62485.098929
1965679 62485.099346
1965680 62485.099762
1965681 62485.100179
1965682 62485.100596
1965683 62485.101012
1965684 62485.101429
1965685 62485.101846
1965686 62485.102262
1965687 62485.102679
1965688 62485.103096
1965689 62485.103512
1965690 62485.117818
1971971 62494.121548
1971972 62494.121964
1971973 62494.122381
1971974 62494.122798
1971975 62494.123214
1971976 62494.123631
1971977 62494.124048
1971978 62494.124464
1971979 62494.124881
1971980 62494.125298
1971981 62494.125714
1971982 62494.126131
1971983 62494.126548
1971984 62494.126964
1971985 62494.127381
1971986 62494.127798
1971987 62494.128214
1971988 62494.128631
1971989 62494.129048
1971990 62494.129464
1973989 62497.113563
1973990 62497.11398
1973991 62497.114396
1973992 62497.114813
1973993 62497.11523
1973994 62497.115646
1973995 62497.116063
1973996 62497.11648
1973997 62497.116896
1973998 62497.117313
1973999 62497.11773
1974000 62497.118146
1974001 62497.118563
1974002 62497.11898
1974003 62497.119396
1974004 62497.119813
1974005 62497.12023
1974006 62497.120646
1974007 62497.121063
1974008 62497.12148
1976015 62500.114185
1976016 62500.114601
1976017 62500.115018
1976018 62500.115435
1976019 62500.115851
1976020 62500.116268
1976021 62500.116685
1976022 62500.117101
1976023 62500.117518
1976024 62500.117935
1976025 62500.118351
1976026 62500.118768
1976027 62500.119185
1976028 62500.119601
1976029 62500.120018
1976030 62500.120435
1976031 62500.120851
1976032 62500.121268
1976033 62500.121685
1976034 62500.122101
2146679 62747.315837
2146680 62747.316253
2146681 62747.31667
2146682 62747.317087
2146683 62747.317503
2146684 62747.31792
2146685 62747.318337
2146686 62747.318753
2146687 62747.31917
2146688 62747.319587
2146689 62747.320003
2146690 62747.32042
2146691 62747.320837
2146692 62747.321253
2146693 62747.32167
2146694 62747.322087
2146695 62747.322503
2146696 62747.32292
2146697 62747.323337
2146698 62747.323753
2148275 62750.273917
2148276 62750.274334
2148277 62750.27475
2148278 62750.275167
2148279 62750.275584
2148280 62750.276
2148281 62750.276417
2148282 62750.276834
2148283 62750.27725
2148284 62750.277667
2148285 62750.278084
2148286 62750.2785
2148287 62750.278917
2148288 62750.279334
2148289 62750.27975
2148290 62750.280167
2148291 62750.280584
2148292 62750.281
2148293 62750.281417
2148294 62750.281834
2151169 62753.300302
2151170 62753.300718
2151171 62753.301135
2151172 62753.301552
2151173 62753.301968
2151174 62753.302385
2151175 62753.302802
2151176 62753.303218
2151177 62753.303635
2151178 62753.304052
2151179 62753.304468
2151180 62753.304885
2151181 62753.305302
2151182 62753.305718
2151183 62753.306135
2151184 62753.306552
2151185 62753.306968
2151186 62753.307385
2151187 62753.307802
2151188 62753.308218
2158824 62762.262921
2158825 62762.263337
2158826 62762.263754
2158827 62762.264171
2158828 62762.264587
2158829 62762.265004
2158830 62762.265421
2158831 62762.265837
2158832 62762.266254
2158833 62762.266671
2158834 62762.267087
2158835 62762.267504
2158836 62762.267921
2158837 62762.268337
2158838 62762.268754
2158839 62762.269171
2158840 62762.269587
2158841 62762.270004
2158842 62762.270421
2158843 62762.270837
2161482 62765.25819
2161483 62765.258607
2161484 62765.259024
2161485 62765.25944
2161486 62765.259857
2161487 62765.260274
2161488 62765.26069
2161489 62765.261107
2161490 62765.261524
2161491 62765.26194
2161492 62765.262357
2161493 62765.262774
2161494 62765.26319
2161495 62765.263607
2161496 62765.264024
2161497 62765.26444
2161498 62765.264857
2161499 62765.265274
2161500 62765.26569
2161501 62765.266107
2169878 62777.226179
2169879 62777.226596
2169880 62777.227012
2169881 62777.227429
2169882 62777.227846
2169883 62777.228262
2169884 62777.228679
2169885 62777.229096
2169886 62777.229512
2169887 62777.229929
2169888 62777.230346
2169889 62777.230762
2169890 62777.231179
2169891 62777.231596
2169892 62777.232012
2169893 62777.232429
2169894 62777.232846
2169895 62777.233262
2169896 62777.233679
2169897 62777.234096
2178710 62790.230169
2178711 62790.230585
2178712 62790.231002
2178713 62790.231419
2178714 62790.231835
2178715 62790.232252
2178716 62790.232669
2178717 62790.233085
2178718 62790.233502
2178719 62790.233919
2178720 62790.234335
2178721 62790.234752
2178722 62790.235169
2178723 62790.235585
2178724 62790.236002
2178725 62790.236419
2178726 62790.236835
2178727 62790.237252
2178728 62790.237669
2178729 62790.238085
2181012 62793.15391
2181013 62793.154327
2181014 62793.154744
2181015 62793.15516
2181016 62793.155577
2181017 62793.155994
2181018 62793.15641
2181019 62793.156827
2181020 62793.157244
2181021 62793.15766
2181022 62793.158077
2181023 62793.158494
2181024 62793.15891
2181025 62793.159327
2181026 62793.159744
2181027 62793.16016
2181028 62793.160577
2181029 62793.160994
2181030 62793.16141
2181031 62793.161827
2183224 62796.14207
2183225 62796.142486
2183226 62796.142903
2183227 62796.14332
2183228 62796.143736
2183229 62796.144153
2183230 62796.14457
2183231 62796.144986
2183232 62796.145403
2183233 62796.14582
2183234 62796.146236
2183235 62796.146653
2183236 62796.14707
2183237 62796.147486
2183238 62796.147903
2183239 62796.14832
2183240 62796.148736
2183241 62796.149153
2183242 62796.14957
2183243 62796.149986
2190841 62808.343647
2190842 62808.344064
2190843 62808.344481
2190844 62808.344897
2190845 62808.345314
2190846 62808.345731
2190847 62808.346147
2190848 62808.346564
2190849 62808.346981
2190850 62808.347397
2190851 62808.347814
2190852 62808.348231
2190853 62808.348647
2190854 62808.349064
2190855 62808.349481
2190856 62808.349897
2190857 62808.350314
2190858 62808.350731
2190859 62808.351147
2190860 62808.351564
2191435 62812.316218
2191436 62812.316635
2191437 62812.317052
2191438 62812.317468
2191439 62812.317885
2191440 62812.318302
2191441 62812.318718
2191442 62812.319135
2191443 62812.319552
2191444 62812.319968
2191445 62812.320385
2191446 62812.320802
2191447 62812.321218
2191448 62812.321635
2191449 62812.322052
2191450 62812.322468
2191451 62812.322885
2191452 62812.323302
2191453 62812.323718
2191454 62812.324135
2194929 62819.119087
2194930 62819.119504
2194931 62819.119921
2194932 62819.120337
2194933 62819.120754
2194934 62819.121171
2194935 62819.121587
2194936 62819.122004
2194937 62819.122421
2194938 62819.122837
2194939 62819.123254
2194940 62819.123671
2194941 62819.124087
2194942 62819.124504
2194943 62819.124921
2194944 62819.125337
2194945 62819.125754
2194946 62819.126171
2194947 62819.126587
2194948 62819.127004
2196748 62822.119262
2196749 62822.119679
2196750 62822.120095
2196751 62822.120512
2196752 62822.120929
2196753 62822.121345
2196754 62822.121762
2196755 62822.122179
2196756 62822.122595
2196757 62822.123012
2196758 62822.123429
2196759 62822.123845
2196760 62822.124262
2196761 62822.124679
2196762 62822.125095
2196763 62822.125512
2196764 62822.125929
2196765 62822.126345
2196766 62822.126762
2196767 62822.127179
2198053 62825.125423
2198054 62825.12584
2203854 62835.093495
2203855 62835.093912
2203856 62835.094329
2203857 62835.094745
2203858 62835.095162
2203859 62835.095579
2203860 62835.095995
2203861 62835.096412
2203862 62835.096829
2203863 62835.097245
2203864 62835.097662
2203865 62835.098079
2203866 62835.098495
2203867 62835.098912
2203868 62835.099329
2203869 62835.099745
2203870 62835.100162
2203871 62835.100579
2203872 62835.100995
2203873 62835.101412
2205576 62838.087695
2205577 62838.088111
2205578 62838.088528
2205579 62838.088945
2205580 62838.089361
2205581 62838.089778
2205582 62838.090195
2205583 62838.090611
2205584 62838.091028
2205585 62838.091445
2205586 62838.091861
2205587 62838.092278
2205588 62838.092695
2205589 62838.093111
2205590 62838.093528
2205591 62838.093945
2205592 62838.094361
2205593 62838.094778
2205594 62838.095195
2205595 62838.095611
2211118 62850.094229
2211119 62850.094645
2211120 62850.095062
2211121 62850.095479
2211122 62850.095895
2211123 62850.096312
2211124 62850.096729
2211125 62850.097145
2211126 62850.097562
2211127 62850.097979
2211128 62850.098395
2211129 62850.098812
2211130 62850.099229
2211131 62850.099645
2211132 62850.100062
2211133 62850.100479
2211134 62850.100895
2211135 62850.101312
2211136 62850.101729
2211137 62850.102145
2213304 62853.148274
2213305 62853.14869
2213306 62853.149107
2213307 62853.149524
2213308 62853.14994
2213309 62853.150357
2213310 62853.150774
2213311 62853.15119
2213312 62853.151607
2213313 62853.152024
2213314 62853.15244
2213315 62853.152857
2213316 62853.153274
2213317 62853.15369
2213318 62853.154107
2213319 62853.154524
2213320 62853.15494
2213321 62853.155357
2213322 62853.155774
2213323 62853.15619
2215314 62856.144044
2215315 62856.144461
2215316 62856.144878
2215317 62856.145294
2215318 62856.145711
2215319 62856.146128
2215320 62856.146544
2215321 62856.146961
2215322 62856.147378
2215323 62856.147794
2215324 62856.148211
2215325 62856.148628
2215326 62856.149044
2215327 62856.149461
2215328 62856.149878
2215329 62856.150294
2215330 62856.150711
2215331 62856.151128
2215332 62856.151544
2215333 62856.151961
2219773 62865.163575
2219774 62865.163991
2219775 62865.164408
2219776 62865.164825
2219777 62865.165241
2219778 62865.165658
2219779 62865.166075
2219780 62865.166491
2219781 62865.166908
2219782 62865.167325
2219783 62865.167741
2219784 62865.168158
2219785 62865.168575
2219786 62865.168991
2219787 62865.169408
2219788 62865.169825
2219789 62865.170241
2219790 62865.170658
2219791 62865.171075
2219792 62865.171491
2221713 62868.107349
2221714 62868.107766
2221715 62868.108183
2221716 62868.108599
2221717 62868.109016
2221718 62868.109433
2221719 62868.109849
2221720 62868.110266
2221721 62868.110683
2221722 62868.111099
2221723 62868.111516
2221724 62868.111933
2221725 62868.112349
2221726 62868.112766
2221727 62868.113183
2221728 62868.113599
2221729 62868.114016
2221730 62868.114433
2221731 62868.114849
2221732 62868.115266
2377012 63117.280356
2377013 63117.280772
2377014 63117.281189
2377015 63117.281606
2377016 63117.282022
2377017 63117.282439
2377018 63117.282856
2377019 63117.283272
2377020 63117.283689
2377021 63117.284106
2377022 63117.284522
2377023 63117.284939
2377024 63117.285356
2377025 63117.285772
2377026 63117.286189
2377027 63117.286606
2377028 63117.287022
2377029 63117.287439
2377030 63117.287856
2377031 63117.288272
2379380 63121.280943
2379381 63121.281359
2379382 63121.281776
2379383 63121.282193
2379384 63121.282609
2379385 63121.283026
2379386 63121.283443
2379387 63121.283859
2379388 63121.284276
2379389 63121.284693
2379390 63121.285109
2379391 63121.285526
2379392 63121.285943
2379393 63121.286359
2379394 63121.286776
2379395 63121.287193
2379396 63121.287609
2379397 63121.288026
2379398 63121.288443
2379399 63121.288859
2385637 63131.226104
2385638 63131.226521
2385639 63131.226938
2385640 63131.227354
2385641 63131.227771
2385642 63131.228188
2385643 63131.228604
2385644 63131.229021
2385645 63131.229438
2385646 63131.229854
2385647 63131.230271
2385648 63131.230688
2385649 63131.231104
2385650 63131.231521
2385651 63131.231938
2385652 63131.232354
2385653 63131.232771
2385654 63131.233188
2385655 63131.233604
2385656 63131.234021
2388757 63136.214322
2388758 63136.214739
2388759 63136.215155
2388760 63136.215572
2388761 63136.215989
2388762 63136.216405
2388763 63136.216822
2388764 63136.217239
2388765 63136.217655
2388766 63136.218072
2388767 63136.218489
2388768 63136.218905
2388769 63136.219322
2388770 63136.219739
2388771 63136.220155
2388772 63136.220572
2388773 63136.220989
2388774 63136.221405
2388775 63136.221822
2388776 63136.222239
2394315 63145.269509
2394316 63145.269926
2394317 63145.270342
2394318 63145.270759
2394319 63145.271176
2394320 63145.271592
2394321 63145.272009
2394322 63145.272426
2394323 63145.272842
2394324 63145.273259
2394325 63145.273676
2394326 63145.274092
2394327 63145.274509
2394328 63145.274926
2394329 63145.275342
2394330 63145.275759
2394331 63145.276176
2394332 63145.276592
2394333 63145.277009
2394334 63145.277426
2396741 63148.214641
2396742 63148.215058
2396743 63148.215474
2396744 63148.215891
2396745 63148.216308
2396746 63148.216724
2396747 63148.217141
2396748 63148.217558
2396749 63148.217974
2396750 63148.218391
2396751 63148.218808
2396752 63148.219224
2396753 63148.219641
2396754 63148.220058
2396755 63148.220474
2396756 63148.220891
2396757 63148.221308
2396758 63148.221724
2396759 63148.222141
2396760 63148.222558
2399219 63151.205917
2399220 63151.206334
2399221 63151.206751
2399222 63151.207167
2399223 63151.207584
2399224 63151.208001
2399225 63151.208417
2399226 63151.208834
2399227 63151.209251
2399228 63151.209667
2399229 63151.210084
2399230 63151.210501
2399231 63151.210917
2399232 63151.211334
2399233 63151.211751
2399234 63151.212167
2399235 63151.212584
2399236 63151.213001
2399237 63151.213417
2399238 63151.213834
2408466 63162.320385
2408467 63162.320802
2408468 63162.321219
2408469 63162.321635
2408470 63162.322052
2408471 63162.322469
2408472 63162.322885
2408473 63162.323302
2408474 63162.323719
2408475 63162.324135
2408476 63162.324552
2408477 63162.324969
2408478 63162.325385
2408479 63162.325802
2408480 63162.326219
2408481 63162.326635
2408482 63162.327052
2408483 63162.327469
2408484 63162.327885
2408485 63162.328302
2410541 63165.135995
2410542 63165.136411
2410543 63165.136828
2410544 63165.137245
2410545 63165.137661
2410546 63165.138078
2410547 63165.138495
2410548 63165.138911
2410549 63165.139328
2410550 63165.139745
2410551 63165.140161
2410552 63165.140578
2410553 63165.140995
2410554 63165.141411
2410555 63165.141828
2410556 63165.142245
2410557 63165.142661
2410558 63165.143078
2410559 63165.143495
2410560 63165.143911
2417178 63181.115101
2417179 63181.115518
2417180 63181.115934
2417181 63181.116351
2417182 63181.116768
2417183 63181.117184
2417184 63181.117601
2417185 63181.118018
2417186 63181.118434
2417187 63181.118851
2417188 63181.119268
2417189 63181.119684
2417190 63181.120101
2417191 63181.120518
2417192 63181.120934
2417193 63181.121351
2417194 63181.121768
2417195 63181.122184
2417196 63181.122601
2417197 63181.123018
2423731 63191.103322
2423732 63191.103739
2423733 63191.104155
2423734 63191.104572
2423735 63191.104989
2423736 63191.105405
2423737 63191.105822
2423738 63191.106239
2423739 63191.106655
2423740 63191.107072
2423741 63191.107489
2423742 63191.107905
2423743 63191.108322
2423744 63191.108739
2423745 63191.109155
2423746 63191.109572
2423747 63191.109989
2423748 63191.110405
2423749 63191.110822
2423750 63191.111239
2425829 63194.080933
2425830 63194.08135
2425831 63194.081767
2425832 63194.082183
2425833 63194.0826
2425834 63194.083017
2425835 63194.083433
2425836 63194.08385
2425837 63194.084267
2425838 63194.084683
2425839 63194.0851
2425840 63194.085517
2425841 63194.085933
2425842 63194.08635
2425843 63194.086767
2425844 63194.087183
2425845 63194.0876
2425846 63194.088017
2425847 63194.088433
2425848 63194.08885
2431567 63203.089878
2431568 63203.090294
2431569 63203.090711
2431570 63203.091128
2431571 63203.091544
2431572 63203.091961
2431573 63203.092378
2431574 63203.092794
2431575 63203.093211
2431576 63203.093628
2431577 63203.094044
2431578 63203.094461
2431579 63203.094878
2431580 63203.095294
2431581 63203.095711
2431582 63203.096128
2431583 63203.096544
2431584 63203.096961
2431585 63203.097378
2431586 63203.097794
2433664 63206.089004
2433665 63206.08942
2433666 63206.089837
2433667 63206.090254
2433668 63206.09067
2433669 63206.091087
2433670 63206.091504
2433671 63206.09192
2433672 63206.092337
2433673 63206.092754
2433674 63206.09317
2433675 63206.093587
2433676 63206.094004
2433677 63206.09442
2433678 63206.094837
2433679 63206.095254
2433680 63206.09567
2433681 63206.096087
2433682 63206.096504
2433683 63206.09692
2435711 63209.090758
2435712 63209.091175
2435713 63209.091591
2435714 63209.092008
2435715 63209.092425
2435716 63209.092841
2435717 63209.093258
2435718 63209.093675
2435719 63209.094091
2435720 63209.094508
2435721 63209.094925
2435722 63209.095341
2435723 63209.095758
2435724 63209.096175
2435725 63209.096591
2435726 63209.097008
2435727 63209.097425
2435728 63209.097841
2435729 63209.098258
2435730 63209.098675
2441893 63220.111016
2441894 63220.111433
2441895 63220.111849
2441896 63220.112266
2441897 63220.112683
2441898 63220.113099
2441899 63220.113516
2441900 63220.113933
2441901 63220.114349
2441902 63220.114766
2441903 63220.115183
2441904 63220.115599
2441905 63220.116016
2441906 63220.116433
2441907 63220.116849
2441908 63220.117266
2441909 63220.117683
2441910 63220.118099
2441911 63220.118516
2441912 63220.118933
2443891 63223.11181
2443892 63223.112226
2443893 63223.112643
2443894 63223.11306
2443895 63223.113476
2443896 63223.113893
2443897 63223.11431
2443898 63223.114726
2443899 63223.115143
2443900 63223.11556
2443901 63223.115976
2443902 63223.116393
2443903 63223.11681
2443904 63223.117226
2443905 63223.117643
2443906 63223.11806
2443907 63223.118476
2443908 63223.118893
2443909 63223.11931
2443910 63223.119726
