obsHistID expMJD
230 59580.139555
231 59580.139972
232 59580.140389
233 59580.140805
234 59580.141222
235 59580.141639
236 59580.142055
237 59580.142472
238 59580.142889
239 59580.143305
240 59580.143722
241 59580.144139
242 59580.144555
243 59580.144972
244 59580.145389
245 59580.145805
246 59580.146222
247 59580.146639
248 59580.147055
249 59580.147472
185596 59825.25646
185597 59825.256877
185598 59825.257294
185599 59825.25771
185600 59825.258127
185601 59825.258544
185602 59825.25896
185603 59825.259377
185604 59825.259794
185605 59825.26021
185606 59825.260627
185607 59825.261044
185608 59825.26146
185609 59825.261877
185610 59825.262294
185611 59825.26271
185612 59825.263127
185613 59825.263544
185614 59825.26396
192896 59839.212501
192897 59839.212918
192898 59839.213334
192899 59839.213751
192900 59839.214168
192901 59839.214584
192902 59839.215001
192903 59839.215418
192904 59839.215834
192905 59839.216251
192906 59839.216668
192907 59839.217084
192908 59839.217501
192909 59839.217918
192910 59839.218334
192911 59839.218751
192912 59839.219168
192913 59839.219584
192914 59839.220001
195530 59842.195125
195531 59842.195553
195532 59842.195981
195533 59842.196409
195534 59842.196838
195535 59842.197266
195536 59842.197694
195537 59842.198122
195538 59842.198551
195539 59842.198979
195540 59842.199396
195541 59842.199812
195542 59842.200229
195543 59842.200646
195544 59842.201062
195545 59842.201479
195546 59842.201896
195547 59842.202312
195548 59842.202729
202440 59854.204963
202441 59854.20538
202442 59854.205796
202443 59854.206213
202444 59854.20663
202445 59854.207046
202446 59854.207463
202447 59854.20788
202448 59854.208296
202449 59854.208713
202450 59854.20913
202451 59854.209546
202452 59854.209963
202453 59854.21038
202454 59854.210796
202455 59854.211213
202456 59854.21163
202457 59854.212046
202458 59854.212463
202459 59854.21288
204387 59857.183994
204388 59857.18441
204389 59857.184827
204390 59857.185244
204391 59857.18566
204392 59857.186077
204393 59857.186494
204394 59857.18691
204395 59857.187327
204396 59857.187744
204397 59857.18816
204398 59857.188577
204399 59857.188994
204400 59857.18941
204401 59857.189827
204402 59857.190244
204403 59857.19066
204404 59857.191077
204405 59857.191494
204406 59857.19191
211950 59867.156058
211951 59867.156474
211952 59867.156891
211953 59867.157308
211954 59867.157724
211955 59867.158141
211956 59867.158558
211957 59867.158974
211958 59867.159391
211959 59867.159808
211960 59867.160224
211961 59867.160641
211962 59867.161058
211963 59867.161474
211964 59867.161891
211965 59867.162308
211966 59867.162724
211967 59867.163141
211968 59867.163558
211969 59867.163974
214315 59870.148107
214316 59870.148523
214317 59870.14894
214318 59870.149357
214319 59870.149773
214320 59870.15019
214321 59870.150607
214322 59870.151023
214323 59870.15144
214324 59870.151857
214325 59870.152273
214326 59870.15269
214327 59870.153107
214328 59870.153523
214329 59870.15394
214330 59870.154357
214331 59870.154773
214332 59870.15519
214333 59870.155607
214334 59870.156023
216748 59873.140285
216749 59873.140702
216750 59873.141118
216751 59873.141535
216752 59873.141952
216753 59873.142368
216754 59873.142785
216755 59873.143202
216756 59873.143618
216757 59873.144035
216758 59873.144452
216759 59873.144868
216760 59873.145285
216761 59873.145702
216762 59873.146118
216763 59873.146535
216764 59873.146952
216765 59873.147368
216766 59873.147785
216767 59873.148202
225457 59884.125227
225458 59884.125644
225459 59884.12606
225460 59884.126477
225461 59884.126894
225462 59884.12731
225463 59884.127727
225464 59884.128144
225465 59884.12856
225466 59884.128977
225467 59884.129394
225468 59884.12981
225469 59884.130227
225470 59884.130644
225471 59884.13106
225472 59884.131477
225473 59884.131894
225474 59884.13231
225475 59884.132727
225476 59884.133144
227715 59887.091141
227716 59887.091557
227717 59887.091974
227718 59887.092391
227719 59887.092807
227720 59887.093224
227721 59887.093641
227722 59887.094057
227723 59887.094474
227724 59887.094891
227725 59887.095307
227726 59887.095724
227727 59887.096141
227728 59887.096557
227729 59887.096974
227730 59887.097391
227731 59887.097807
227732 59887.098224
227733 59887.098641
227734 59887.099057
229203 59896.079967
229204 59896.080384
229205 59896.0808
229206 59896.081217
229207 59896.081634
229208 59896.08205
229209 59896.082467
229210 59896.082884
229211 59896.0833
229212 59896.083717
229213 59896.084134
229214 59896.08455
229215 59896.084967
229216 59896.085384
229217 59896.0858
229218 59896.086217
229219 59896.086634
229220 59896.08705
229221 59896.087467
229222 59896.087884
231412 59899.081474
231413 59899.081891
231414 59899.082308
231415 59899.082724
231416 59899.083141
231417 59899.083558
231418 59899.083974
231419 59899.084391
231420 59899.084808
231421 59899.085224
231422 59899.085641
231423 59899.086058
231424 59899.086474
231425 59899.086891
231426 59899.087308
231427 59899.087724
231428 59899.088141
231429 59899.088558
231430 59899.088974
231431 59899.089391
233511 59902.040575
233512 59902.040991
233513 59902.041408
233514 59902.041825
233515 59902.042241
233516 59902.042658
233517 59902.043075
233518 59902.043491
233519 59902.043908
233520 59902.044325
233521 59902.044741
233522 59902.045158
233523 59902.045575
233524 59902.045991
233525 59902.046408
233526 59902.046825
233527 59902.047241
233528 59902.047658
233529 59902.048075
233530 59902.048491
241985 59913.24067
241986 59913.241087
241987 59913.241504
241988 59913.24192
241989 59913.242337
241990 59913.242754
241991 59913.24317
241992 59913.243587
241993 59913.244004
241994 59913.24442
241995 59913.244837
241996 59913.245254
241997 59913.24567
241998 59913.246087
241999 59913.246504
242000 59913.24692
242001 59913.247337
242002 59913.247754
242003 59913.24817
242004 59913.248587
243720 59916.050469
243721 59916.050885
243722 59916.051302
243723 59916.051719
243724 59916.052135
243725 59916.052552
243726 59916.052969
243727 59916.053385
243728 59916.053802
243729 59916.054219
243730 59916.054635
243731 59916.055052
243732 59916.055469
243733 59916.055885
243734 59916.056302
243735 59916.056719
243736 59916.057135
243737 59916.057552
243738 59916.057969
243739 59916.058385
249444 59924.05496
249445 59924.055377
249446 59924.055794
249447 59924.05621
249448 59924.056627
249449 59924.057044
249450 59924.05746
249451 59924.057877
249452 59924.058294
249453 59924.05871
249454 59924.059127
249455 59924.059544
249456 59924.05996
249457 59924.060377
249458 59924.060794
249459 59924.06121
249460 59924.061627
249461 59924.062044
249462 59924.06246
249463 59924.062877
250864 59927.056421
250865 59927.056837
250866 59927.057254
250867 59927.057671
250868 59927.058087
250869 59927.058504
250870 59927.058921
250871 59927.059337
250872 59927.059754
250873 59927.060171
250874 59927.060587
250875 59927.061004
250876 59927.061421
250877 59927.061837
250878 59927.062254
250879 59927.062671
250880 59927.063087
250881 59927.063504
250882 59927.063921
250883 59927.064337
252931 59930.057965
252932 59930.058382
252933 59930.058799
252934 59930.059215
252935 59930.059632
252936 59930.060049
252937 59930.060465
252938 59930.060882
252939 59930.061299
252940 59930.061715
252941 59930.062132
252942 59930.062549
252943 59930.062965
252944 59930.063382
252945 59930.063799
252946 59930.064215
252947 59930.064632
252948 59930.065049
252949 59930.065465
252950 59930.065882
254914 59933.059292
254915 59933.059709
254916 59933.060125
254917 59933.060542
254918 59933.060959
254919 59933.061375
254920 59933.061792
254921 59933.062209
254922 59933.062625
254923 59933.063042
254924 59933.063459
254925 59933.063875
254926 59933.064292
254927 59933.064709
254928 59933.065125
254929 59933.065542
254930 59933.065959
254931 59933.066375
254932 59933.066792
254933 59933.067209
260434 59942.062656
260435 59942.063072
260436 59942.063489
260437 59942.063906
260438 59942.064322
260439 59942.064739
260440 59942.065156
260441 59942.065572
260442 59942.065989
260443 59942.080295
260444 59942.081307
260445 59942.081748
260446 59942.082179
260447 59942.082609
260448 59942.083039
260449 59942.083469
260450 59942.083899
260451 59942.084329
260452 59942.084759
260453 59942.085189
262527 59945.07301
262528 59945.073426
262529 59945.073843
262530 59945.07426
262531 59945.074676
262532 59945.075093
262533 59945.07551
262534 59945.075926
262535 59945.076343
262536 59945.07676
262537 59945.077176
262538 59945.077593
262539 59945.07801
262540 59945.078426
262541 59945.078843
262542 59945.07926
262543 59945.079676
262544 59945.080093
262545 59945.08051
262546 59945.080926
427520 60192.289022
427521 60192.289438
427522 60192.289855
427523 60192.290272
427524 60192.290688
427525 60192.291105
427526 60192.291522
427527 60192.291938
427528 60192.292355
427529 60192.292772
427530 60192.293188
427531 60192.293605
427532 60192.294022
427533 60192.294438
427534 60192.294855
427535 60192.295272
427536 60192.295688
427537 60192.296105
427538 60192.296522
427539 60192.296938
429133 60195.230731
429134 60195.231159
429135 60195.231588
429136 60195.232016
429137 60195.232444
429138 60195.232861
429139 60195.233278
429140 60195.233694
429141 60195.234111
429142 60195.234528
429143 60195.234944
429144 60195.235361
429145 60195.235778
429146 60195.236194
429147 60195.236611
429148 60195.237028
429149 60195.237444
429150 60195.237861
429151 60195.238278
439121 60209.224577
439122 60209.224994
439123 60209.225411
439124 60209.225827
439125 60209.226244
439126 60209.226661
439127 60209.227077
439128 60209.227494
439129 60209.227911
439130 60209.228327
439131 60209.228744
439132 60209.229161
439133 60209.229577
439134 60209.229994
439135 60209.230411
439136 60209.230827
439137 60209.231244
439138 60209.231661
439139 60209.232077
441795 60212.210761
441796 60212.211178
441797 60212.211594
441798 60212.212011
441799 60212.212428
441800 60212.212844
441801 60212.213261
441802 60212.213678
441803 60212.214094
441804 60212.214511
441805 60212.214928
441806 60212.215344
441807 60212.215761
441808 60212.216178
441809 60212.216594
441810 60212.217011
441811 60212.217428
441812 60212.217844
441813 60212.218261
441814 60212.218678
447527 60223.191268
447528 60223.191685
447529 60223.192101
447530 60223.192518
447531 60223.192935
447532 60223.193351
447533 60223.193768
447534 60223.194185
447535 60223.194601
447536 60223.195018
447537 60223.195435
447538 60223.195851
447539 60223.196268
447540 60223.196685
447541 60223.197101
447542 60223.197518
447543 60223.197935
447544 60223.198351
447545 60223.198768
449236 60226.268116
449237 60226.268533
449238 60226.26895
449239 60226.269366
449240 60226.269783
449241 60226.2702
449242 60226.270616
449243 60226.271033
449244 60226.27145
449245 60226.271866
449246 60226.272283
449247 60226.2727
449248 60226.273116
449249 60226.273533
449250 60226.27395
449251 60226.274366
449252 60226.274783
449253 60226.2752
449254 60226.275616
449255 60226.276033
455337 60238.253994
455338 60238.254411
455339 60238.254827
455340 60238.255244
455341 60238.26955
455342 60238.270562
455343 60238.271003
455344 60238.271433
455345 60238.271863
455346 60238.272293
455347 60238.272723
455348 60238.273153
455349 60238.273583
455350 60238.274013
455351 60238.274443
455352 60238.274872
455353 60238.275302
455354 60238.275732
455355 60238.276162
455356 60238.276591
457501 60241.13027
457502 60241.130686
457503 60241.131103
457504 60241.13152
457505 60241.131936
457506 60241.132353
457507 60241.13277
457508 60241.133186
457509 60241.133603
457510 60241.13402
457511 60241.134436
457512 60241.134853
457513 60241.13527
457514 60241.135686
457515 60241.136103
457516 60241.13652
457517 60241.136936
457518 60241.137353
457519 60241.13777
457520 60241.138186
470399 60267.040764
470400 60267.04118
470401 60267.041597
470402 60267.042014
470403 60267.04243
470404 60267.042847
470405 60267.043264
470406 60267.04368
470407 60267.044097
470408 60267.044514
470409 60267.04493
470410 60267.045347
470411 60267.045764
470412 60267.04618
470413 60267.046597
470414 60267.047014
470415 60267.04743
470416 60267.047847
470417 60267.048264
472744 60270.104233
472745 60270.10465
472746 60270.105067
472747 60270.105483
472748 60270.1059
472749 60270.106317
472750 60270.106733
472751 60270.10715
472752 60270.107567
472753 60270.107983
472754 60270.1084
472755 60270.108817
472756 60270.109233
472757 60270.10965
472758 60270.110067
472759 60270.110483
472760 60270.1109
472761 60270.111317
472762 60270.111733
472763 60270.11215
478551 60278.048493
478552 60278.04891
478553 60278.049327
478554 60278.049743
478555 60278.05016
478556 60278.050577
478557 60278.050993
478558 60278.05141
478559 60278.051827
478560 60278.052243
478561 60278.05266
478562 60278.053077
478563 60278.053493
478564 60278.05391
478565 60278.054327
478566 60278.054743
478567 60278.05516
478568 60278.055577
478569 60278.055993
478570 60278.05641
480683 60281.051271
480684 60281.051687
480685 60281.052104
480686 60281.052521
480687 60281.052937
480688 60281.053354
480689 60281.053771
480690 60281.054187
480691 60281.054604
480692 60281.055021
480693 60281.055437
480694 60281.055854
480695 60281.056271
480696 60281.056687
480697 60281.057104
480698 60281.057521
480699 60281.057937
480700 60281.058354
480701 60281.058771
480702 60281.059187
482813 60284.051736
482814 60284.052153
482815 60284.052569
482816 60284.052986
482817 60284.053403
482818 60284.053819
482819 60284.054236
482820 60284.054653
482821 60284.055069
482822 60284.055486
482823 60284.055903
482824 60284.056319
482825 60284.056736
482826 60284.057153
482827 60284.057569
482828 60284.057986
482829 60284.058403
482830 60284.058819
482831 60284.059236
482832 60284.059653
484566 60287.053707
484567 60287.054124
484568 60287.05454
484569 60287.054957
484570 60287.055374
484571 60287.05579
484572 60287.056207
484573 60287.056624
484574 60287.05704
484575 60287.057457
484576 60287.057874
484577 60287.05829
484578 60287.058707
484579 60287.059124
484580 60287.05954
484581 60287.059957
484582 60287.060374
484583 60287.06079
484584 60287.061207
484585 60287.061624
490001 60297.113364
490002 60297.113781
490003 60297.114198
490004 60297.114614
490005 60297.115031
490006 60297.115448
490007 60297.115864
490008 60297.116281
490009 60297.116698
490010 60297.117114
490011 60297.117531
490012 60297.117948
490013 60297.118364
490014 60297.118781
490015 60297.119198
490016 60297.119614
490017 60297.120031
490018 60297.120448
490019 60297.120864
490578 60300.06009
490579 60300.060507
490580 60300.060924
490581 60300.06134
490582 60300.061757
490583 60300.062174
490584 60300.06259
490585 60300.063007
490586 60300.063424
490587 60300.06384
490588 60300.064257
490589 60300.064674
490590 60300.06509
490591 60300.065507
490592 60300.065924
490593 60300.06634
490594 60300.066757
490595 60300.067174
490596 60300.06759
490597 60300.068007
664557 60567.21918
664558 60567.219597
664559 60567.220013
664560 60567.22043
664561 60567.220847
664562 60567.221263
664563 60567.22168
664564 60567.222097
664565 60567.222513
664566 60567.22293
664567 60567.223347
664568 60567.223763
664569 60567.22418
664570 60567.224597
664571 60567.225013
664572 60567.22543
664573 60567.225847
664574 60567.226263
664575 60567.22668
664576 60567.227097
671659 60578.271042
671660 60578.271459
671661 60578.271875
671662 60578.272292
671663 60578.272709
671664 60578.273125
671665 60578.273542
671666 60578.273959
671667 60578.274375
671668 60578.274792
671669 60578.275209
671670 60578.275625
671671 60578.276042
671672 60578.276459
671673 60578.276875
671674 60578.277292
671675 60578.277709
671676 60578.278125
671677 60578.278542
674105 60581.174302
674106 60581.17473
674107 60581.175159
674108 60581.175587
674109 60581.176004
674110 60581.17642
674111 60581.176837
674112 60581.177254
674113 60581.17767
674114 60581.178087
674115 60581.178504
674116 60581.17892
674117 60581.179337
674118 60581.179754
674119 60581.18017
674120 60581.180587
674121 60581.181004
674122 60581.18142
674123 60581.181837
684469 60593.164657
684470 60593.165074
684471 60593.16549
684472 60593.165907
684473 60593.166324
684474 60593.16674
684475 60593.167157
684476 60593.167574
684477 60593.16799
684478 60593.168407
684479 60593.168824
684480 60593.16924
684481 60593.169657
684482 60593.170074
684483 60593.17049
684484 60593.170907
684485 60593.171324
684486 60593.17174
684487 60593.172157
686469 60596.178013
686470 60596.178429
686471 60596.178846
686472 60596.179263
686473 60596.179679
686474 60596.180096
686475 60596.180513
686476 60596.180929
686477 60596.181346
686478 60596.181763
686479 60596.182179
686480 60596.182596
686481 60596.183013
686482 60596.183429
686483 60596.183846
686484 60596.184263
686485 60596.184679
686486 60596.185096
686487 60596.185513
686488 60596.185929
693871 60605.134462
693872 60605.134878
693873 60605.135295
693874 60605.135712
693875 60605.136128
693876 60605.136545
693877 60605.136962
693878 60605.137378
693879 60605.137795
693880 60605.138212
693881 60605.138628
693882 60605.139045
693883 60605.139462
693884 60605.139878
693885 60605.140295
693886 60605.140712
693887 60605.141128
693888 60605.141545
693889 60605.141962
696247 60608.12722
696248 60608.127636
696249 60608.128053
696250 60608.12847
696251 60608.128886
696252 60608.129303
696253 60608.12972
696254 60608.130136
696255 60608.130553
696256 60608.13097
696257 60608.131386
696258 60608.131803
696259 60608.13222
696260 60608.132636
696261 60608.133053
696262 60608.13347
696263 60608.133886
696264 60608.134303
696265 60608.13472
698622 60611.119189
698623 60611.119606
698624 60611.120022
698625 60611.120439
698626 60611.120856
698627 60611.121272
698628 60611.121689
698629 60611.122106
698630 60611.122522
698631 60611.122939
698632 60611.123356
698633 60611.123772
698634 60611.124189
698635 60611.124606
698636 60611.125022
698637 60611.125439
698638 60611.125856
698639 60611.126272
698640 60611.126689
704746 60621.122783
704747 60621.1232
704748 60621.123616
704749 60621.124033
704750 60621.12445
704751 60621.124866
704752 60621.125283
704753 60621.1257
704754 60621.126116
704755 60621.126533
704756 60621.12695
704757 60621.127366
704758 60621.127783
704759 60621.1282
704760 60621.128616
704761 60621.129033
704762 60621.12945
704763 60621.129866
704764 60621.130283
706923 60624.078591
706924 60624.079007
706925 60624.079424
706926 60624.079841
706927 60624.080257
706928 60624.080674
706929 60624.081091
706930 60624.081507
706931 60624.081924
706932 60624.082341
706933 60624.082757
706934 60624.083174
706935 60624.083591
706936 60624.084007
706937 60624.084424
706938 60624.084841
706939 60624.085257
706940 60624.085674
706941 60624.086091
709647 60627.276161
709648 60627.276578
709649 60627.276995
709650 60627.277411
709651 60627.277828
709652 60627.278245
709653 60627.278661
709654 60627.279078
709655 60627.279495
709656 60627.279911
709657 60627.280328
709658 60627.280745
709659 60627.281161
709660 60627.281578
709661 60627.281995
709662 60627.282411
709663 60627.282828
709664 60627.283245
709665 60627.283661
709666 60627.284078
712881 60632.036052
712882 60632.03648
712883 60632.036897
712884 60632.037313
712885 60632.03773
712886 60632.038147
712887 60632.038563
712888 60632.03898
712889 60632.039397
712890 60632.039813
712891 60632.04023
712892 60632.040647
712893 60632.041063
712894 60632.04148
712895 60632.041897
712896 60632.042313
712897 60632.04273
712898 60632.043147
712899 60632.043563
712900 60632.04398
715116 60635.042927
715117 60635.043344
715118 60635.043761
715119 60635.044177
715120 60635.044594
715121 60635.045011
715122 60635.045427
715123 60635.045844
715124 60635.046261
715125 60635.046677
715126 60635.047094
715127 60635.047511
715128 60635.047927
715129 60635.048344
715130 60635.048761
715131 60635.049177
715132 60635.049594
715133 60635.050011
715134 60635.050427
715135 60635.050844
716583 60640.046445
716584 60640.046861
716585 60640.047278
716586 60640.047695
716587 60640.048111
716588 60640.048528
716589 60640.048945
716590 60640.049361
716591 60640.049778
716592 60640.050195
716593 60640.050611
716594 60640.051028
716595 60640.051445
716596 60640.051861
716597 60640.052278
716598 60640.052695
716599 60640.053111
716600 60640.053528
716601 60640.053945
716602 60640.054361
724643 60651.118977
724644 60651.119394
724645 60651.119811
724646 60651.120227
724647 60651.120644
724648 60651.121061
724649 60651.121477
724650 60651.121894
724651 60651.122311
724652 60651.122727
724653 60651.123144
724654 60651.123561
724655 60651.123977
724656 60651.124394
724657 60651.124811
724658 60651.139116
724659 60651.140128
724660 60651.140569
724661 60651.141
724662 60651.14143
726614 60654.055749
726615 60654.056166
726616 60654.056583
726617 60654.056999
726618 60654.057416
726619 60654.057833
726620 60654.058249
726621 60654.058666
726622 60654.059083
726623 60654.059499
726624 60654.059916
726625 60654.060333
726626 60654.060749
726627 60654.061166
726628 60654.061583
726629 60654.061999
726630 60654.062416
726631 60654.062833
726632 60654.063249
726633 60654.063666
732170 60662.141133
732171 60662.14155
732172 60662.141966
732173 60662.142383
732174 60662.1428
732175 60662.143216
732176 60662.143633
732177 60662.14405
732178 60662.144466
732179 60662.144883
732180 60662.1453
732181 60662.145716
732182 60662.146133
732183 60662.14655
732184 60662.146966
732185 60662.147383
732186 60662.1478
732187 60662.148216
732188 60662.148633
732189 60662.14905
734097 60665.059752
734098 60665.060168
734099 60665.060585
734100 60665.061002
734101 60665.061418
734102 60665.061835
734103 60665.062252
734104 60665.062668
734105 60665.063085
734106 60665.063502
734107 60665.063918
734108 60665.064335
734109 60665.064752
734110 60665.065168
734111 60665.065585
734112 60665.066002
734113 60665.066418
734114 60665.066835
734115 60665.067252
734116 60665.067668
736144 60668.060701
736145 60668.061118
736146 60668.061535
736147 60668.061951
736148 60668.062368
736149 60668.062785
736150 60668.063201
736151 60668.063618
736152 60668.064035
736153 60668.064451
736154 60668.064868
736155 60668.065285
736156 60668.065701
736157 60668.066118
736158 60668.066535
736159 60668.066951
736160 60668.067368
736161 60668.067785
736162 60668.068201
736163 60668.068618
917272 60919.33641
917273 60919.336827
917274 60919.337243
917275 60919.33766
917276 60919.338077
917277 60919.338493
917278 60919.33891
917279 60919.339327
917280 60919.339743
917281 60919.34016
917282 60919.340577
917283 60919.340993
917284 60919.34141
917285 60919.341827
917286 60919.342243
917287 60919.34266
917288 60919.343077
917289 60919.343493
917290 60919.34391
917291 60919.344327
920425 60933.271343
920426 60933.271759
920427 60933.272176
920428 60933.272593
920429 60933.273009
920430 60933.273426
920431 60933.273843
920432 60933.274259
920433 60933.274676
920434 60933.275093
920435 60933.275509
920436 60933.275926
920437 60933.276343
920438 60933.276759
920439 60933.277176
920440 60933.277593
920441 60933.278009
920442 60933.278426
920443 60933.278843
932975 60947.19889
932976 60947.199306
932977 60947.199723
932978 60947.20014
932979 60947.200556
932980 60947.200973
932981 60947.20139
932982 60947.201806
932983 60947.202223
932984 60947.20264
932985 60947.203056
932986 60947.203473
932987 60947.20389
932988 60947.204306
932989 60947.204723
932990 60947.20514
932991 60947.205556
932992 60947.205973
932993 60947.20639
934695 60950.190741
934696 60950.191157
934697 60950.191574
934698 60950.191991
934699 60950.192407
934700 60950.192824
934701 60950.193241
934702 60950.193657
934703 60950.194074
934704 60950.194491
934705 60950.194907
934706 60950.195324
934707 60950.195741
934708 60950.196157
934709 60950.196574
934710 60950.196991
934711 60950.197407
934712 60950.197824
934713 60950.198241
934714 60950.198657
941667 60959.237157
941668 60959.237574
941669 60959.237991
941670 60959.238407
941671 60959.238824
941672 60959.239241
941673 60959.239657
941674 60959.240074
941675 60959.240491
941676 60959.240907
941677 60959.241324
941678 60959.241741
941679 60959.242157
941680 60959.242574
941681 60959.242991
941682 60959.243407
941683 60959.243824
941684 60959.244241
941685 60959.244657
941686 60959.245074
943908 60962.129201
943909 60962.129629
943910 60962.130057
943911 60962.130485
943912 60962.130914
943913 60962.131342
943914 60962.13177
943915 60962.132198
943916 60962.132627
943917 60962.133043
943918 60962.13346
943919 60962.133877
943920 60962.134293
943921 60962.13471
943922 60962.135127
943923 60962.135543
943924 60962.13596
943925 60962.136377
943926 60962.136793
946376 60965.122236
946377 60965.122664
946378 60965.123092
946379 60965.123521
946380 60965.123949
946381 60965.124377
946382 60965.124794
946383 60965.12521
946384 60965.125627
946385 60965.126044
946386 60965.12646
946387 60965.126877
946388 60965.127294
946389 60965.12771
946390 60965.128127
946391 60965.128544
946392 60965.12896
946393 60965.129377
946394 60965.129794
952768 60975.116083
952769 60975.1165
952770 60975.116917
952771 60975.117333
952772 60975.11775
952773 60975.118167
952774 60975.118583
952775 60975.119
952776 60975.119417
952777 60975.119833
952778 60975.12025
952779 60975.120667
952780 60975.121083
952781 60975.1215
952782 60975.121917
952783 60975.122333
952784 60975.12275
952785 60975.123167
952786 60975.123583
955118 60978.117814
955119 60978.118231
955120 60978.118647
955121 60978.119064
955122 60978.119481
955123 60978.119897
955124 60978.120314
955125 60978.120731
955126 60978.121147
955127 60978.121564
955128 60978.121981
955129 60978.122397
955130 60978.122814
955131 60978.123231
955132 60978.123647
955133 60978.124064
955134 60978.124481
955135 60978.124897
955136 60978.125314
956829 60981.118893
956830 60981.11931
956831 60981.119726
956832 60981.120143
956833 60981.12056
956834 60981.120976
956835 60981.121393
956836 60981.12181
956837 60981.122226
956838 60981.122643
956839 60981.12306
956840 60981.123476
956841 60981.123893
956842 60981.12431
956843 60981.124726
956844 60981.125143
956845 60981.12556
956846 60981.125976
956847 60981.126393
956848 60981.12681
959399 60992.079556
959400 60992.079972
959401 60992.080389
959402 60992.080806
959403 60992.081222
959404 60992.081639
959405 60992.082056
959406 60992.082472
959407 60992.082889
959408 60992.083306
959409 60992.083722
959410 60992.084139
959411 60992.084556
959412 60992.084972
959413 60992.085389
959414 60992.085806
959415 60992.086222
959416 60992.086639
959417 60992.087056
959418 60992.087472
969019 61006.055834
969020 61006.056251
969021 61006.056668
969022 61006.057084
969023 61006.057501
969024 61006.057918
969025 61006.058334
969026 61006.058751
969027 61006.059168
969028 61006.059584
969029 61006.060001
969030 61006.060418
969031 61006.060834
969032 61006.061251
969033 61006.061668
969034 61006.062084
969035 61006.062501
969036 61006.062918
969037 61006.063334
970401 61009.048794
970402 61009.04921
970403 61009.049627
970404 61009.050044
970405 61009.05046
970406 61009.050877
970407 61009.051294
970408 61009.05171
970409 61009.052127
970410 61009.052544
970411 61009.05296
970412 61009.053377
970413 61009.053794
970414 61009.05421
970415 61009.054627
970416 61009.055044
970417 61009.05546
970418 61009.055877
970419 61009.056294
970420 61009.05671
975317 61016.102563
975318 61016.10298
975319 61016.103397
975320 61016.103813
975321 61016.10423
975322 61016.104647
975323 61016.105063
975324 61016.10548
975325 61016.105897
975326 61016.106313
975327 61016.10673
975328 61016.107147
975329 61016.107563
975330 61016.10798
975331 61016.108397
975332 61016.108813
975333 61016.10923
975334 61016.109647
975335 61016.110063
975336 61016.11048
976702 61019.101462
976703 61019.101879
976704 61019.102295
976705 61019.102712
976706 61019.103129
976707 61019.103545
976708 61019.103962
976709 61019.104379
976710 61019.104795
976711 61019.105212
976712 61019.105629
976713 61019.106045
976714 61019.106462
976715 61019.106879
976716 61019.107295
976717 61019.107712
976718 61019.108129
976719 61019.108545
976720 61019.108962
976721 61019.109379
978759 61022.10324
978760 61022.103657
978761 61022.104073
978762 61022.10449
978763 61022.104907
978764 61022.105323
978765 61022.10574
978766 61022.106157
978767 61022.106573
978768 61022.10699
978769 61022.107407
978770 61022.107823
978771 61022.10824
978772 61022.108657
978773 61022.109073
978774 61022.123379
978775 61022.124391
978776 61022.124832
978777 61022.125263
978778 61022.125693
988529 61036.062341
988530 61036.062757
988531 61036.063174
988532 61036.063591
988533 61036.064007
988534 61036.064424
988535 61036.064841
988536 61036.065257
988537 61036.065674
988538 61036.066091
988539 61036.066507
988540 61036.066924
988541 61036.067341
988542 61036.067757
988543 61036.068174
988544 61036.068591
988545 61036.069007
988546 61036.069424
988547 61036.069841
990626 61039.062241
990627 61039.062657
990628 61039.076963
990629 61039.077975
990630 61039.078416
990631 61039.078847
990632 61039.079277
990633 61039.079707
990634 61039.080137
990635 61039.080567
990636 61039.080997
990637 61039.081427
990638 61039.081856
990639 61039.082286
990640 61039.082716
990641 61039.083145
990642 61039.083575
990643 61039.084005
990644 61039.084434
990645 61039.084864
994120 61044.064406
994121 61044.064823
994122 61044.065239
994123 61044.065656
994124 61044.066073
994125 61044.066489
994126 61044.066906
994127 61044.067323
994128 61044.067739
994129 61044.068156
994130 61044.068573
994131 61044.068989
994132 61044.069406
994133 61044.069823
994134 61044.070239
994135 61044.070656
994136 61044.071073
994137 61044.071489
994138 61044.071906
994139 61044.072323
995535 61047.063404
995536 61047.06382
995537 61047.064237
995538 61047.064654
995539 61047.06507
995540 61047.065487
995541 61047.065904
995542 61047.06632
995543 61047.066737
995544 61047.067154
995545 61047.06757
995546 61047.067987
995547 61047.068404
995548 61047.06882
995549 61047.069237
995550 61047.069654
995551 61047.07007
995552 61047.070487
995553 61047.070904
995554 61047.07132
996922 61050.063745
996923 61050.064161
996924 61050.064578
996925 61050.064995
996926 61050.065411
996927 61050.065828
996928 61050.066245
996929 61050.066661
996930 61050.067078
996931 61050.067495
996932 61050.067911
996933 61050.068328
996934 61050.068745
996935 61050.069161
996936 61050.069578
996937 61050.069995
996938 61050.070411
996939 61050.070828
996940 61050.071245
996941 61050.071661
997642 61054.063616
997643 61054.064032
997644 61054.064449
997645 61054.064866
997646 61054.065282
997647 61054.065699
997648 61054.066116
997649 61054.066532
997650 61054.066949
997651 61054.067366
997652 61054.067782
997653 61054.068199
997654 61054.068616
997655 61054.069032
997656 61054.069449
997657 61054.069866
997658 61054.070282
997659 61054.070699
997660 61054.071116
997661 61054.071532
1170831 61302.194022
1170832 61302.19445
1170833 61302.194879
1170834 61302.195307
1170835 61302.195735
1170836 61302.196163
1170837 61302.196592
1170838 61302.19702
1170839 61302.197448
1170840 61302.197876
1170841 61302.198305
1170842 61302.198733
1170843 61302.199161
1170844 61302.199589
1170845 61302.200018
1170846 61302.200446
1170847 61302.200874
1170848 61302.201302
1170849 61302.201731
1173504 61305.221442
1173505 61305.221858
1173506 61305.222275
1173507 61305.222692
1173508 61305.223108
1173509 61305.223525
1173510 61305.223942
1173511 61305.224358
1173512 61305.224775
1173513 61305.225192
1173514 61305.225608
1173515 61305.226025
1173516 61305.226442
1173517 61305.226858
1173518 61305.227275
1173519 61305.227692
1173520 61305.228108
1173521 61305.228525
1173522 61305.228942
1173523 61305.229358
1176512 61308.368943
1176513 61308.36936
1176514 61308.369776
1176515 61308.370193
1176516 61308.37061
1176517 61308.371026
1176518 61308.371442999996
1176519 61308.37186
1176520 61308.372276
1176521 61308.372693
1176522 61308.37311
1176523 61308.373526
1176524 61308.373943
1176525 61308.37436
1176526 61308.374776
1176527 61308.375193
1176528 61308.37561
1176529 61308.376026
1176530 61308.376443
1176531 61308.37686
1181556 61314.260412
1181557 61314.260829
1181558 61314.261246
1181559 61314.261662
1181560 61314.262079
1181561 61314.262496
1181562 61314.262912
1181563 61314.263329
1181564 61314.263746
1181565 61314.264162
1181566 61314.264579
1181567 61314.264996
1181568 61314.265412
1181569 61314.265829
1181570 61314.266246
1181571 61314.266662
1181572 61314.267079
1181573 61314.267496
1181574 61314.267912
1181575 61314.268329
1183930 61317.157221
1183931 61317.157649
1183932 61317.158077
1183933 61317.158506
1183934 61317.158934
1183935 61317.159362
1183936 61317.15979
1183937 61317.160218
1183938 61317.160647
1183939 61317.161063
1183940 61317.16148
1183941 61317.161897
1183942 61317.162313
1183943 61317.16273
1183944 61317.163147
1183945 61317.163563
1183946 61317.16398
1183947 61317.164397
1183948 61317.164813
1194511 61330.16213
1194512 61330.162547
1194513 61330.162963
1194514 61330.16338
1194515 61330.163797
1194516 61330.164213
1194517 61330.16463
1194518 61330.165047
1194519 61330.165463
1194520 61330.16588
1194521 61330.166297
1194522 61330.166713
1194523 61330.16713
1194524 61330.167547
1194525 61330.167963
1194526 61330.16838
1194527 61330.168797
1194528 61330.169213
1194529 61330.16963
1194530 61330.170047
1196882 61333.158958
1196883 61333.159375
1196884 61333.159791
1196885 61333.160208
1196886 61333.160625
1196887 61333.161041
1196888 61333.161458
1196889 61333.161875
1196890 61333.162291
1196891 61333.162708
1196892 61333.163125
1196893 61333.163541
1196894 61333.163958
1196895 61333.164375
1196896 61333.164791
1196897 61333.165208
1196898 61333.165625
1196899 61333.166041
1196900 61333.166458
1196901 61333.166875
1198541 61336.193524
1198542 61336.193941
1198543 61336.194358
1198544 61336.194774
1198545 61336.195191
1198546 61336.195608
1198547 61336.196024
1198548 61336.196441
1198549 61336.196858
1198550 61336.197274
1198551 61336.197691
1198552 61336.198108
1198553 61336.198524
1198554 61336.198941
1198555 61336.199358
1198556 61336.199774
1198557 61336.200191
1198558 61336.200608
1198559 61336.201024
1198560 61336.201441
1203190 61344.118294
1203191 61344.118711
1203192 61344.119127
1203193 61344.119544
1203194 61344.119961
1203195 61344.120377
1203196 61344.120794
1203197 61344.121211
1203198 61344.121627
1203199 61344.122044
1203200 61344.122461
1203201 61344.122877
1203202 61344.123294
1203203 61344.123711
1203204 61344.124127
1203205 61344.124544
1203206 61344.124961
1203207 61344.125377
1203208 61344.125794
1203209 61344.126211
1204004 61348.120338
1204005 61348.120755
1204006 61348.121172
1204007 61348.121588
1204008 61348.122005
1204009 61348.122422
1204010 61348.122838
1204011 61348.123255
1204012 61348.123672
1204013 61348.124088
1204014 61348.124505
1204015 61348.124922
1204016 61348.125338
1204017 61348.125755
1204018 61348.126172
1204019 61348.126588
1204020 61348.127005
1204021 61348.127422
1204022 61348.127838
1204023 61348.128255
1208179 61359.080607
1208180 61359.081024
1208181 61359.081441
1208182 61359.081857
1208183 61359.082274
1208184 61359.082691
1208185 61359.083107
1208186 61359.083524
1208187 61359.083941
1208188 61359.084357
1208189 61359.084774
1208190 61359.085191
1208191 61359.085607
1208192 61359.086024
1208193 61359.086441
1208194 61359.086857
1208195 61359.087274
1208196 61359.087691
1208197 61359.088107
1208198 61359.088524
1210311 61362.082601
1210312 61362.083017
1210313 61362.083434
1210314 61362.083851
1210315 61362.084267
1210316 61362.084684
1210317 61362.085101
1210318 61362.085517
1210319 61362.085934
1210320 61362.086351
1210321 61362.086767
1210322 61362.087184
1210323 61362.087601
1210324 61362.088017
1210325 61362.088434
1210326 61362.088851
1210327 61362.089267
1210328 61362.089684
1210329 61362.090101
1210330 61362.090517
1212488 61365.110161
1212489 61365.110578
1212490 61365.110995
1212491 61365.111411
1212492 61365.111828
1212493 61365.112245
1212494 61365.112661
1212495 61365.113078
1212496 61365.113495
1212497 61365.113911
1212498 61365.114328
1212499 61365.114745
1212500 61365.115161
1212501 61365.115578
1212502 61365.115995
1212503 61365.116411
1212504 61365.116828
1212505 61365.117245
1212506 61365.117661
1212507 61365.118078
1215940 61370.045315
1215941 61370.045732
1215942 61370.046148
1215943 61370.046565
1215944 61370.046982
1215945 61370.047398
1215946 61370.047815
1215947 61370.048232
1215948 61370.048648
1215949 61370.049065
1215950 61370.049482
1215951 61370.049898
1215952 61370.050315
1215953 61370.050732
1215954 61370.051148
1215955 61370.051565
1215956 61370.051982
1215957 61370.052398
1215958 61370.052815
1215959 61370.053232
1218115 61373.047476
1218116 61373.047893
1218117 61373.04831
1218118 61373.048726
1218119 61373.049143
1218120 61373.04956
1218121 61373.049976
1218122 61373.050393
1218123 61373.05081
1218124 61373.051226
1218125 61373.051643
1218126 61373.05206
1218127 61373.052476
1218128 61373.052893
1218129 61373.05331
1218130 61373.053726
1218131 61373.054143
1218132 61373.05456
1218133 61373.054976
1218134 61373.055393
1220258 61376.049586
1220259 61376.050002
1220260 61376.050419
1220261 61376.050836
1220262 61376.051252
1220263 61376.051669
1220264 61376.052086
1220265 61376.052502
1220266 61376.052919
1220267 61376.053336
1220268 61376.053752
1220269 61376.054169
1220270 61376.054586
1220271 61376.055002
1220272 61376.055419
1220273 61376.055836
1220274 61376.056252
1220275 61376.056669
1220276 61376.057086
1220277 61376.057502
1228619 61389.056863
1228620 61389.05728
1228621 61389.057696
1228622 61389.058113
1228623 61389.05853
1228624 61389.058946
1228625 61389.059363
1228626 61389.05978
1228627 61389.060196
1228628 61389.060613
1228629 61389.06103
1228630 61389.061446
1228631 61389.061863
1228632 61389.06228
1228633 61389.062696
1228634 61389.063113
1228635 61389.06353
1228636 61389.063946
1228637 61389.064363
1228638 61389.06478
1230340 61392.059038
1230341 61392.059455
1230342 61392.059872
1230343 61392.060288
1230344 61392.060705
1230345 61392.061122
1230346 61392.061538
1230347 61392.061955
1230348 61392.062372
1230349 61392.062788
1230350 61392.063205
1230351 61392.063622
1230352 61392.064038
1230353 61392.064455
1230354 61392.064872
1230355 61392.065288
1230356 61392.065705
1230357 61392.066122
1230358 61392.066538
1235276 61406.135494
1235277 61406.135911
1235278 61406.136327
1235279 61406.136744
1235280 61406.137161
1235281 61406.137577
1235282 61406.137994
1235283 61406.138411
1235284 61406.138827
1235285 61406.139244
1235286 61406.139661
1235287 61406.140077
1235288 61406.140494
1235289 61406.140911
1235290 61406.141327
1235291 61406.141744
1235292 61406.142161
1235293 61406.142577
1235294 61406.142994
1235295 61406.143411
1412276 61656.241517
1412277 61656.241933
1412278 61656.24235
1412279 61656.242767
1412280 61656.243183
1412281 61656.2436
1412282 61656.244017
1412283 61656.244433
1412284 61656.24485
1412285 61656.245267
1412286 61656.245683
1412287 61656.2461
1412288 61656.246517
1412289 61656.246933
1412290 61656.24735
1412291 61656.247767
1412292 61656.248183
1412293 61656.2486
1412294 61656.249017
1414017 61672.379378
1414018 61672.379795
1414019 61672.380212
1414020 61672.380628
1414021 61672.381045
1414022 61672.381462
1414023 61672.381878
1414024 61672.382295
1414025 61672.382712
1414026 61672.383128
1414027 61672.383545
1414028 61672.383962
1414029 61672.384378
1414030 61672.384795
1414031 61672.385212
1414032 61672.385628
1414033 61672.386045
1414034 61672.386462
1414035 61672.386878
1422643 61685.222029
1422644 61685.222445
1422645 61685.222862
1422646 61685.223279
1422647 61685.223695
1422648 61685.224112
1422649 61685.224529
1422650 61685.224945
1422651 61685.225362
1422652 61685.225779
1422653 61685.226195
1422654 61685.226612
1422655 61685.227029
1422656 61685.227445
1422657 61685.227862
1422658 61685.228279
1422659 61685.228695
1422660 61685.229112
1422661 61685.229529
1425058 61688.170821
1425059 61688.171238
1425060 61688.171654
1425061 61688.172071
1425062 61688.172488
1425063 61688.172904
1425064 61688.173321
1425065 61688.173738
1425066 61688.174154
1425067 61688.174571
1425068 61688.174988
1425069 61688.175404
1425070 61688.175821
1425071 61688.176238
1425072 61688.176654
1425073 61688.177071
1425074 61688.177488
1425075 61688.177904
1425076 61688.178321
1425077 61688.178738
1427603 61691.301882
1427604 61691.302298
1427605 61691.302715
1427606 61691.303132
1427607 61691.303548
1427608 61691.303965
1427609 61691.304382
1427610 61691.304798
1427611 61691.305215
1427612 61691.305632
1427613 61691.306048
1427614 61691.306465
1427615 61691.306882
1427616 61691.307298
1427617 61691.307715
1427618 61691.308132
1427619 61691.308548
1427620 61691.308965
1427621 61691.309382
1427622 61691.309798
1433124 61698.156665
1433125 61698.157082
1433126 61698.157498
1433127 61698.157915
1433128 61698.158332
1433129 61698.158748
1433130 61698.159165
1433131 61698.159582
1433132 61698.159998
1433133 61698.160415
1433134 61698.160832
1433135 61698.161248
1433136 61698.161665
1433137 61698.162082
1433138 61698.162498
1433139 61698.162915
1433140 61698.163332
1433141 61698.163748
1433142 61698.164165
1433143 61698.164582
1434673 61701.134851
1434674 61701.135267
1434675 61701.135684
1434676 61701.136101
1434677 61701.136517
1434678 61701.136934
1434679 61701.137351
1434680 61701.137767
1434681 61701.138184
1434682 61701.138601
1434683 61701.139017
1434684 61701.139434
1434685 61701.139851
1434686 61701.140267
1434687 61701.140684
1434688 61701.141101
1434689 61701.141517
1434690 61701.141934
1434691 61701.142351
1434692 61701.142767
1436057 61704.161817
1436058 61704.162234
1436059 61704.16265
1436060 61704.163067
1436061 61704.163484
1436062 61704.1639
1436063 61704.164317
1436064 61704.164734
1436065 61704.16515
1436066 61704.165567
1436067 61704.165984
1436068 61704.1664
1436069 61704.166817
1436070 61704.167234
1436071 61704.16765
1436072 61704.168067
1436073 61704.168484
1436074 61704.1689
1436075 61704.169317
1436076 61704.169734
1446148 61725.090151
1446149 61725.090568
1446150 61725.090984
1446151 61725.091401
1446152 61725.091818
1446153 61725.092234
1446154 61725.092651
1446155 61725.093068
1446156 61725.093484
1446157 61725.093901
1446158 61725.094318
1446159 61725.094734
1446160 61725.095151
1446161 61725.095568
1446162 61725.095984
1446163 61725.096401
1446164 61725.096818
1446165 61725.097234
1446166 61725.097651
1446167 61725.098068
1448348 61728.087979
1448349 61728.088396
1448350 61728.088813
1448351 61728.089229
1448352 61728.089646
1448353 61728.090063
1448354 61728.090479
1448355 61728.090896
1448356 61728.091313
1448357 61728.091729
1448358 61728.092146
1448359 61728.092563
1448360 61728.092979
1448361 61728.093396
1448362 61728.093813
1448363 61728.094229
1448364 61728.094646
1448365 61728.095063
1448366 61728.095479
1448367 61728.095896
1450503 61731.089768
1450504 61731.090184
1450505 61731.090601
1450506 61731.091018
1450507 61731.091434
1450508 61731.091851
1450509 61731.092268
1450510 61731.092684
1450511 61731.093101
1450512 61731.093518
1450513 61731.093934
1450514 61731.094351
1450515 61731.094768
1450516 61731.095184
1450517 61731.095601
1450518 61731.096018
1450519 61731.096434
1450520 61731.096851
1450521 61731.097268
1450522 61731.097684
1458809 61744.051448
1458810 61744.051864
1458811 61744.052281
1458812 61744.052698
1458813 61744.053114
1458814 61744.053531
1458815 61744.053948
1458816 61744.054364
1458817 61744.054781
1458818 61744.055198
1458819 61744.055614
1458820 61744.056031
1458821 61744.056448
1458822 61744.056864
1458823 61744.057281
1458824 61744.057698
1458825 61744.058114
1458826 61744.058531
1458827 61744.058948
1458828 61744.059364
1460870 61747.052955
1460871 61747.053372
1460872 61747.053788
1460873 61747.054205
1460874 61747.054622
1460875 61747.055038
1460876 61747.055455
1460877 61747.055872
1460878 61747.056288
1460879 61747.056705
1460880 61747.057122
1460881 61747.057538
1460882 61747.057955
1460883 61747.058372
1460884 61747.058788
1460885 61747.059205
1460886 61747.059622
1460887 61747.060038
1460888 61747.060455
1460889 61747.060872
1466528 61755.120966
1466529 61755.121383
1466530 61755.1218
1466531 61755.122216
1466532 61755.122633
1466533 61755.12305
1466534 61755.123466
1466535 61755.123883
1466536 61755.1243
1466537 61755.124716
1466538 61755.125133
1466539 61755.12555
1466540 61755.125966
1466541 61755.126383
1466542 61755.1268
1466543 61755.127216
1466544 61755.127633
1466545 61755.12805
1466546 61755.128466
1466547 61755.128883
1468597 61758.109468
1468598 61758.109884
1468599 61758.110301
1468600 61758.110718
1468601 61758.111134
1468602 61758.111551
1468603 61758.111968
1468604 61758.112384
1468605 61758.112801
1468606 61758.113218
1468607 61758.113634
1468608 61758.114051
1468609 61758.114468
1468610 61758.114884
1468611 61758.115301
1468612 61758.115718
1468613 61758.116134
1468614 61758.116551
1468615 61758.116968
1468616 61758.117384
1470496 61762.198287
1470497 61762.198704
1470498 61762.19912
1470499 61762.199537
1470500 61762.199954
1470501 61762.20037
1470502 61762.200787
1470503 61762.201204
1470504 61762.20162
1470505 61762.202037
1470506 61762.202454
1470507 61762.20287
1470508 61762.203287
1470509 61762.203704
1470510 61762.20412
1470511 61762.204537
1470512 61762.204954
1470513 61762.20537
1470514 61762.205787
1470515 61762.206204
1632285 62014.296905
1632286 62014.297321
1632287 62014.297738
1632288 62014.298155
1632289 62014.298571
1632290 62014.298988
1632291 62014.299405
1632292 62014.299821
1632293 62014.300238
1632294 62014.300655
1632295 62014.301071
1632296 62014.301488
1632297 62014.301905
1632298 62014.302321
1632299 62014.302738
1632300 62014.303155
1632301 62014.303571
1632302 62014.303988
1632303 62014.304405
1632304 62014.304821
1636957 62026.289246
1636958 62026.289662
1636959 62026.290079
1636960 62026.290496
1636961 62026.290912
1636962 62026.291329
1636963 62026.291746
1636964 62026.292162
1636965 62026.292579
1636966 62026.292996
1636967 62026.293412
1636968 62026.293829
1636969 62026.294246
1636970 62026.294662
1636971 62026.295079
1636972 62026.295496
1636973 62026.295912
1636974 62026.296329
1636975 62026.296746
1639297 62029.207665
1639298 62029.208093
1639299 62029.208521
1639300 62029.20895
1639301 62029.209378
1639302 62029.209806
1639303 62029.210234
1639304 62029.210663
1639305 62029.211091
1639306 62029.211507
1639307 62029.211924
1639308 62029.212341
1639309 62029.212757
1639310 62029.213174
1639311 62029.213591
1639312 62029.214007
1639313 62029.214424
1639314 62029.214841
1639315 62029.215257
1650383 62042.193086
1650384 62042.193502
1650385 62042.193919
1650386 62042.194336
1650387 62042.194752
1650388 62042.195169
1650389 62042.195586
1650390 62042.196002
1650391 62042.196419
1650392 62042.196836
1650393 62042.197252
1650394 62042.197669
1650395 62042.198086
1650396 62042.198502
1650397 62042.198919
1650398 62042.199336
1650399 62042.199752
1650400 62042.200169
1650401 62042.200586
1650402 62042.201002
1652654 62045.29214
1652655 62045.292557
1652656 62045.292973
1652657 62045.29339
1652658 62045.293807
1652659 62045.294223
1652660 62045.29464
1652661 62045.295057
1652662 62045.295473
1652663 62045.29589
1652664 62045.296307
1652665 62045.296723
1652666 62045.29714
1652667 62045.297557
1652668 62045.297973
1652669 62045.29839
1652670 62045.298807
1652671 62045.299223
1652672 62045.29964
1652673 62045.300057
1659232 62053.150561
1659233 62053.150978
1659234 62053.151395
1659235 62053.151811
1659236 62053.152228
1659237 62053.152645
1659238 62053.153061
1659239 62053.153478
1659240 62053.153895
1659241 62053.154311
1659242 62053.154728
1659243 62053.155145
1659244 62053.155561
1659245 62053.155978
1659246 62053.156395
1659247 62053.156811
1659248 62053.157228
1659249 62053.157645
1659250 62053.158061
1661591 62056.162984
1661592 62056.1634
1661593 62056.163817
1661594 62056.164234
1661595 62056.16465
1661596 62056.165067
1661597 62056.165484
1661598 62056.1659
1661599 62056.166317
1661600 62056.166734
1661601 62056.16715
1661602 62056.167567
1661603 62056.167984
1661604 62056.1684
1661605 62056.168817
1661606 62056.169234
1661607 62056.16965
1661608 62056.170067
1661609 62056.170484
1661610 62056.1709
1668446 62067.114195
1668447 62067.114612
1668448 62067.115028
1668449 62067.115445
1668450 62067.115862
1668451 62067.116278
1668452 62067.116695
1668453 62067.117112
1668454 62067.117528
1668455 62067.117945
1668456 62067.118362
1668457 62067.118778
1668458 62067.119195
1668459 62067.119612
1668460 62067.120028
1668461 62067.120445
1668462 62067.120862
1668463 62067.121278
1668464 62067.121695
1670569 62070.115722
1670570 62070.116139
1670571 62070.116556
1670572 62070.116972
1670573 62070.117389
1670574 62070.117806
1670575 62070.118222
1670576 62070.118639
1670577 62070.119056
1670578 62070.119472
1670579 62070.119889
1670580 62070.120306
1670581 62070.120722
1670582 62070.121139
1670583 62070.121556
1670584 62070.121972
1670585 62070.122389
1670586 62070.122806
1670587 62070.123222
1677508 62082.234282
1677509 62082.234699
1677510 62082.235115
1677511 62082.235532
1677512 62082.235949
1677513 62082.236365
1677514 62082.236782
1677515 62082.237199
1677516 62082.237615
1677517 62082.238032
1677518 62082.238449
1677519 62082.238865
1677520 62082.239282
1677521 62082.239699
1677522 62082.240115
1677523 62082.240532
1677524 62082.240949
1677525 62082.241365
1677526 62082.241782
1677527 62082.242199
1679417 62086.077959
1679418 62086.078376
1679419 62086.078792
1679420 62086.079209
1679421 62086.079626
1679422 62086.080042
1679423 62086.080459
1679424 62086.080876
1679425 62086.081292
1679426 62086.081709
1679427 62086.082126
1679428 62086.082542
1679429 62086.082959
1679430 62086.083376
1679431 62086.083792
1679432 62086.084209
1679433 62086.084626
1679434 62086.085042
1679435 62086.085459
1679436 62086.085876
1687569 62098.055777
1687570 62098.056193
1687571 62098.05661
1687572 62098.057027
1687573 62098.057443
1687574 62098.05786
1687575 62098.058277
1687576 62098.058693
1687577 62098.05911
1687578 62098.059527
1687579 62098.059943
1687580 62098.06036
1687581 62098.060777
1687582 62098.061193
1687583 62098.06161
1687584 62098.062027
1687585 62098.062443
1687586 62098.06286
1687587 62098.063277
1689569 62101.046208
1689570 62101.046625
1689571 62101.047042
1689572 62101.047458
1689573 62101.047875
1689574 62101.048292
1689575 62101.048708
1689576 62101.049125
1689577 62101.049542
1689578 62101.049958
1689579 62101.050375
1689580 62101.050792
1689581 62101.051208
1689582 62101.051625
1689583 62101.052042
1689584 62101.052458
1689585 62101.052875
1689586 62101.053292
1689587 62101.053708
1689588 62101.054125
1695797 62111.100927
1695798 62111.101343
1695799 62111.10176
1695800 62111.102177
1695801 62111.102593
1695802 62111.10301
1695803 62111.103427
1695804 62111.103843
1695805 62111.10426
1695806 62111.104677
1695807 62111.105093
1695808 62111.10551
1695809 62111.105927
1695810 62111.106343
1695811 62111.10676
1695812 62111.107177
1695813 62111.107593
1695814 62111.10801
1695815 62111.108427
1695816 62111.108843
1697884 62114.101817
1697885 62114.102233
1697886 62114.10265
1697887 62114.103067
1697888 62114.103483
1697889 62114.1039
1697890 62114.104317
1697891 62114.104733
1697892 62114.10515
1697893 62114.105567
1697894 62114.105983
1697895 62114.1064
1697896 62114.106817
1697897 62114.107233
1697898 62114.10765
1697899 62114.108067
1697900 62114.108483
1697901 62114.1089
1697902 62114.109317
1697903 62114.109733
1699894 62117.103337
1699895 62117.103753
1699896 62117.10417
1699897 62117.104587
1699898 62117.105003
1699899 62117.10542
1699900 62117.105837
1699901 62117.106253
1699902 62117.10667
1699903 62117.107087
1699904 62117.107503
1699905 62117.10792
1699906 62117.108337
1699907 62117.108753
1699908 62117.10917
1699909 62117.109587
1699910 62117.110003
1699911 62117.11042
1699912 62117.110837
1699913 62117.125142
1707124 62128.06105
1707125 62128.061467
1707126 62128.061883
1707127 62128.0623
1707128 62128.062717
1707129 62128.063133
1707130 62128.06355
1707131 62128.063967
1707132 62128.064383
1707133 62128.0648
1707134 62128.065217
1707135 62128.065633
1707136 62128.06605
1707137 62128.066467
1707138 62128.066883
1707139 62128.0673
1707140 62128.067717
1707141 62128.068133
1707142 62128.06855
1707143 62128.068967
1709158 62131.061222
1709159 62131.061639
1709160 62131.062055
1709161 62131.062472
1709162 62131.062889
1709163 62131.063305
1709164 62131.063722
1709165 62131.064139
1709166 62131.064555
1709167 62131.064972
1709168 62131.065389
1709169 62131.065805
1709170 62131.066222
1709171 62131.066639
1709172 62131.067055
1709173 62131.067472
1709174 62131.067889
1709175 62131.068305
1709176 62131.068722
1709177 62131.069139
1899505 62380.279415
1899506 62380.279831
1899507 62380.280248
1899508 62380.280665
1899509 62380.281081
1899510 62380.281498
1899511 62380.281915
1899512 62380.282331
1899513 62380.282748
1899514 62380.283165
1899515 62380.283581
1899516 62380.283998
1899517 62380.284415
1899518 62380.284831
1899519 62380.285248
1899520 62380.285665
1899521 62380.286081
1899522 62380.286498
1899523 62380.286915
1909355 62393.2656
1909356 62393.266017
1909357 62393.266433
1909358 62393.26685
1909359 62393.267267
1909360 62393.267683
1909361 62393.2681
1909362 62393.268517
1909363 62393.268933
1909364 62393.26935
1909365 62393.269767
1909366 62393.270183
1909367 62393.2706
1909368 62393.271017
1909369 62393.271433
1909370 62393.27185
1909371 62393.272267
1909372 62393.272683
1909373 62393.2731
1918317 62408.250387
1918318 62408.250803
1918319 62408.25122
1918320 62408.251637
1918321 62408.252053
1918322 62408.25247
1918323 62408.252887
1918324 62408.253303
1918325 62408.25372
1918326 62408.254137
1918327 62408.254553
1918328 62408.25497
1918329 62408.255387
1918330 62408.255803
1918331 62408.25622
1918332 62408.256637
1918333 62408.257053
1918334 62408.25747
1918335 62408.257887
1918336 62408.258303
1920746 62411.188268
1920747 62411.188684
1920748 62411.189101
1920749 62411.189518
1920750 62411.189934
1920751 62411.190351
1920752 62411.190768
1920753 62411.191184
1920754 62411.191601
1920755 62411.192018
1920756 62411.192434
1920757 62411.192851
1920758 62411.193268
1920759 62411.193684
1920760 62411.194101
1920761 62411.194518
1920762 62411.194934
1920763 62411.195351
1920764 62411.195768
1920765 62411.196184
1930392 62423.338643
1930393 62423.33906
1930394 62423.339476
1930395 62423.339893
1930396 62423.34031
1930397 62423.340726
1930398 62423.341143
1930399 62423.34156
1930400 62423.341976
1930401 62423.342393
1930402 62423.34281
1930403 62423.343226
1930404 62423.343643
1930405 62423.34406
1930406 62423.344476
1930407 62423.344893
1930408 62423.34531
1930409 62423.345726
1930410 62423.346143
1930411 62423.34656
1931739 62425.193066
1931740 62425.193483
1931741 62425.1939
1931742 62425.194316
1931743 62425.194733
1931744 62425.19515
1931745 62425.195566
1931746 62425.195983
1931747 62425.1964
1931748 62425.196816
1931749 62425.197233
1931750 62425.19765
1931751 62425.198066
1931752 62425.198483
1931753 62425.1989
1931754 62425.199316
1931755 62425.199733
1931756 62425.20015
1931757 62425.200566
1934203 62428.213311
1934204 62428.213727
1934205 62428.214144
1934206 62428.214561
1934207 62428.214977
1934208 62428.215394
1934209 62428.215811
1934210 62428.216227
1934211 62428.216644
1934212 62428.217061
1934213 62428.217477
1934214 62428.217894
1934215 62428.218311
1934216 62428.218727
1934217 62428.219144
1934218 62428.219561
1934219 62428.219977
1934220 62428.220394
1934221 62428.220811
1934222 62428.221227
1939255 62436.10952
1939256 62436.109937
1939257 62436.110354
1939258 62436.11077
1939259 62436.111187
1939260 62436.111604
1939261 62436.11202
1939262 62436.112437
1939263 62436.112854
1939264 62436.11327
1939265 62436.113687
1939266 62436.114104
1939267 62436.11452
1939268 62436.114937
1939269 62436.115354
1939270 62436.11577
1939271 62436.116187
1939272 62436.116604
1939273 62436.11702
1941590 62439.112712
1941591 62439.113129
1941592 62439.113546
1941593 62439.113962
1941594 62439.114379
1941595 62439.114796
1941596 62439.115212
1941597 62439.115629
1941598 62439.116046
1941599 62439.116462
1941600 62439.116879
1941601 62439.117296
1941602 62439.117712
1941603 62439.118129
1941604 62439.118546
1941605 62439.118962
1941606 62439.119379
1941607 62439.119796
1941608 62439.120212
1941609 62439.120629
1943925 62442.107924
1943926 62442.108341
1943927 62442.108757
1943928 62442.109174
1943929 62442.109591
1943930 62442.110007
1943931 62442.110424
1943932 62442.110841
1943933 62442.111257
1943934 62442.111674
1943935 62442.112091
1943936 62442.112507
1943937 62442.112924
1943938 62442.113341
1943939 62442.113757
1943940 62442.114174
1943941 62442.114591
1943942 62442.115007
1943943 62442.115424
1946103 62452.078813
1946104 62452.07923
1946105 62452.079646
1946106 62452.080063
1946107 62452.08048
1946108 62452.080896
1946109 62452.081313
1946110 62452.08173
1946111 62452.082146
1946112 62452.082563
1946113 62452.08298
1946114 62452.083396
1946115 62452.083813
1946116 62452.08423
1946117 62452.084646
1946118 62452.085063
1946119 62452.08548
1946120 62452.085896
1946121 62452.086313
1946122 62452.08673
1947228 62455.080952
1947229 62455.081369
1947230 62455.081786
1947231 62455.082202
1947232 62455.082619
1947233 62455.083036
1947234 62455.083452
1947235 62455.083869
1947236 62455.084286
1947237 62455.084702
1947238 62455.085119
1947239 62455.085536
1947240 62455.085952
1947241 62455.086369
1947242 62455.086786
1947243 62455.087202
1947244 62455.087619
1947245 62455.088036
1947246 62455.088452
1947247 62455.088869
1949931 62458.324308
1949932 62458.324725
1949933 62458.325141
1949934 62458.325558
1949935 62458.325975
1949936 62458.326391
1949937 62458.326808
1949938 62458.327225
1949939 62458.327641
1949940 62458.328058
1949941 62458.328475
1949942 62458.328891
1949943 62458.329308
1949944 62458.329725
1949945 62458.330141
1949946 62458.330558
1949947 62458.330975
1949948 62458.331391
1949949 62458.331808
1949950 62458.332225
1953280 62464.046726
1953281 62464.047143
1953282 62464.047559
1953283 62464.047976
1953284 62464.048393
1953285 62464.048809
1953286 62464.049226
1953287 62464.049643
1953288 62464.050059
1953289 62464.050476
1953290 62464.050893
1953291 62464.051309
1953292 62464.051726
1953293 62464.052143
1953294 62464.052559
1953295 62464.052976
1953296 62464.053393
1953297 62464.053809
1953298 62464.054226
1953299 62464.054643
1955456 62467.048318
1955457 62467.048735
1955458 62467.049151
1955459 62467.049568
1955460 62467.049985
1955461 62467.050401
1955462 62467.050818
1955463 62467.051235
1955464 62467.051651
1955465 62467.052068
1955466 62467.052485
1955467 62467.052901
1955468 62467.053318
1955469 62467.053735
1955470 62467.054151
1955471 62467.054568
1955472 62467.054985
1955473 62467.055401
1955474 62467.055818
1955475 62467.056235
1956872 62472.050146
1956873 62472.050563
1956874 62472.050979
1956875 62472.051396
1956876 62472.051813
1956877 62472.052229
1956878 62472.052646
1956879 62472.053063
1956880 62472.053479
1956881 62472.053896
1956882 62472.054313
1956883 62472.054729
1956884 62472.055146
1956885 62472.055563
1956886 62472.055979
1956887 62472.056396
1956888 62472.056813
1956889 62472.057229
1956890 62472.057646
1956891 62472.058063
1963533 62482.057684
1963534 62482.058101
1963535 62482.058518
1963536 62482.058934
1963537 62482.059351
1963538 62482.059768
1963539 62482.060184
1963540 62482.060601
1963541 62482.061018
1963542 62482.061434
1963543 62482.061851
1963544 62482.062268
1963545 62482.062684
1963546 62482.063101
1963547 62482.063518
1963548 62482.063934
1963549 62482.064351
1963550 62482.064768
1963551 62482.065184
1963552 62482.065601
1965595 62485.058883
1965596 62485.059299
1965597 62485.059716
1965598 62485.060133
1965599 62485.060549
1965600 62485.060966
1965601 62485.061383
1965602 62485.061799
1965603 62485.062216
1965604 62485.062633
1965605 62485.063049
1965606 62485.063466
1965607 62485.063883
1965608 62485.064299
1965609 62485.064716
1965610 62485.065133
1965611 62485.065549
1965612 62485.065966
1965613 62485.066383
1965614 62485.066799
1971896 62494.070236
1971897 62494.070653
1971898 62494.071069
1971899 62494.071486
1971900 62494.071903
1971901 62494.072319
1971902 62494.072736
1971903 62494.073153
1971904 62494.073569
1971905 62494.073986
1971906 62494.074403
1971907 62494.074819
1971908 62494.075236
1971909 62494.075653
1971910 62494.076069
1971911 62494.076486
1971912 62494.076903
1971913 62494.077319
1971914 62494.077736
1973913 62497.061837
1973914 62497.062254
1973915 62497.06267
1973916 62497.063087
1973917 62497.063504
1973918 62497.06392
1973919 62497.064337
1973920 62497.064754
1973921 62497.06517
1973922 62497.065587
1973923 62497.066004
1973924 62497.06642
1973925 62497.066837
1973926 62497.067254
1973927 62497.06767
1973928 62497.068087
1973929 62497.068504
1973930 62497.06892
1973931 62497.069337
1973932 62497.069754
1975939 62500.062337
1975940 62500.062754
1975941 62500.077059
1975942 62500.078071
1975943 62500.078511
1975944 62500.078942
1975945 62500.079372
1975946 62500.079802
1975947 62500.080232
1975948 62500.080662
1975949 62500.081092
1975950 62500.081522
1975951 62500.081951
1975952 62500.082381
1975953 62500.082811
1975954 62500.083241
1975955 62500.08367
1975956 62500.0841
1975957 62500.084529
1975958 62500.084959
2146604 62747.279124
2146605 62747.27954
2146606 62747.279957
2146607 62747.280374
2146608 62747.28079
2146609 62747.281207
2146610 62747.281624
2146611 62747.28204
2146612 62747.282457
2146613 62747.282874
2146614 62747.28329
2146615 62747.283707
2146616 62747.284124
2146617 62747.28454
2146618 62747.284957
2146619 62747.285374
2146620 62747.28579
2146621 62747.286207
2146622 62747.286624
2148200 62750.237204
2148201 62750.237621
2148202 62750.238037
2148203 62750.238454
2148204 62750.238871
2148205 62750.239287
2148206 62750.239704
2148207 62750.240121
2148208 62750.240537
2148209 62750.240954
2148210 62750.241371
2148211 62750.241787
2148212 62750.242204
2148213 62750.242621
2148214 62750.243037
2148215 62750.243454
2148216 62750.243871
2148217 62750.244287
2148218 62750.244704
2151093 62753.263172
2151094 62753.263589
2151095 62753.264005
2151096 62753.264422
2151097 62753.264839
2151098 62753.265255
2151099 62753.265672
2151100 62753.266089
2151101 62753.266505
2151102 62753.266922
2151103 62753.267339
2151104 62753.267755
2151105 62753.268172
2151106 62753.268589
2151107 62753.269005
2151108 62753.269422
2151109 62753.269839
2151110 62753.270255
2151111 62753.270672
2151112 62753.271089
2158748 62762.225791
2158749 62762.226208
2158750 62762.226624
2158751 62762.227041
2158752 62762.227458
2158753 62762.227874
2158754 62762.228291
2158755 62762.228708
2158756 62762.229124
2158757 62762.229541
2158758 62762.229958
2158759 62762.230374
2158760 62762.230791
2158761 62762.231208
2158762 62762.231624
2158763 62762.232041
2158764 62762.232458
2158765 62762.232874
2158766 62762.233291
2158767 62762.233708
2161407 62765.221477
2161408 62765.221894
2161409 62765.222311
2161410 62765.222727
2161411 62765.223144
2161412 62765.223561
2161413 62765.223977
2161414 62765.224394
2161415 62765.224811
2161416 62765.225227
2161417 62765.225644
2161418 62765.226061
2161419 62765.226477
2161420 62765.226894
2161421 62765.227311
2161422 62765.227727
2161423 62765.228144
2161424 62765.228561
2161425 62765.228977
2169803 62777.189466
2169804 62777.189883
2169805 62777.190299
2169806 62777.190716
2169807 62777.191133
2169808 62777.191549
2169809 62777.191966
2169810 62777.192383
2169811 62777.192799
2169812 62777.193216
2169813 62777.193633
2169814 62777.194049
2169815 62777.194466
2169816 62777.194883
2169817 62777.195299
2169818 62777.195716
2169819 62777.196133
2169820 62777.196549
2169821 62777.196966
2171487 62780.181184
2171488 62780.1816
2171489 62780.182017
2171490 62780.182434
2171491 62780.18285
2171492 62780.183267
2171493 62780.183684
2171494 62780.1841
2171495 62780.184517
2171496 62780.184934
2171497 62780.18535
2171498 62780.185767
2171499 62780.186184
2171500 62780.1866
2171501 62780.187017
2172739 62782.255759
2172740 62782.256176
2172741 62782.256592
2172742 62782.257009
2172743 62782.257426
2172744 62782.257842
2172745 62782.258259
2172746 62782.258676
2172747 62782.259092
2172748 62782.259509
2172749 62782.259926
2172750 62782.260342
2172751 62782.260759
2172752 62782.261176
2172753 62782.261592
2172754 62782.262009
2172755 62782.262426
2172756 62782.262842
2172757 62782.263259
2172758 62782.263676
2178634 62790.193039
2178635 62790.193456
2178636 62790.193873
2178637 62790.194289
2178638 62790.194706
2178639 62790.195123
2178640 62790.195539
2178641 62790.195956
2178642 62790.196373
2178643 62790.196789
2178644 62790.197206
2178645 62790.197623
2178646 62790.198039
2178647 62790.198456
2178648 62790.198873
2178649 62790.199289
2178650 62790.199706
2178651 62790.200123
2178652 62790.200539
2178653 62790.200956
2180937 62793.117128
2180938 62793.117556
2180939 62793.117984
2180940 62793.118413
2180941 62793.118841
2180942 62793.119269
2180943 62793.119697
2180944 62793.120114
2180945 62793.120531
2180946 62793.120947
2180947 62793.121364
2180948 62793.121781
2180949 62793.122197
2180950 62793.122614
2180951 62793.123031
2180952 62793.123447
2180953 62793.123864
2180954 62793.124281
2180955 62793.124697
2183149 62796.105183
2183150 62796.105611
2183151 62796.10604
2183152 62796.106468
2183153 62796.106896
2183154 62796.107324
2183155 62796.107753
2183156 62796.108181
2183157 62796.108609
2183158 62796.109037
2183159 62796.109466
2183160 62796.109894
2183161 62796.110322
2183162 62796.11075
2183163 62796.111178
2183164 62796.111607
2183165 62796.112023
2183166 62796.11244
2183167 62796.112857
2190765 62808.306518
2190766 62808.306934
2190767 62808.307351
2190768 62808.307768
2190769 62808.308184
2190770 62808.308601
2190771 62808.309018
2190772 62808.309434
2190773 62808.309851
2190774 62808.310268
2190775 62808.310684
2190776 62808.311101
2190777 62808.311518
2190778 62808.311934
2190779 62808.312351
2190780 62808.312768
2190781 62808.313184
2190782 62808.313601
2190783 62808.314018
2190784 62808.314434
2191359 62812.279089
2191360 62812.279505
2191361 62812.279922
2191362 62812.280339
2191363 62812.280755
2191364 62812.281172
2191365 62812.281589
2191366 62812.282005
2191367 62812.282422
2191368 62812.282839
2191369 62812.283255
2191370 62812.283672
2191371 62812.284089
2191372 62812.284505
2191373 62812.284922
2191374 62812.285339
2191375 62812.285755
2191376 62812.286172
2191377 62812.286589
2191378 62812.287005
2194854 62819.082374
2194855 62819.082791
2194856 62819.083208
2194857 62819.083624
2194858 62819.084041
2194859 62819.084458
2194860 62819.084874
2194861 62819.085291
2194862 62819.085708
2194863 62819.086124
2194864 62819.086541
2194865 62819.086958
2194866 62819.087374
2194867 62819.087791
2194868 62819.088208
2194869 62819.088624
2194870 62819.089041
2194871 62819.089458
2194872 62819.089874
2196673 62822.082549
2196674 62822.082966
2196675 62822.083382
2196676 62822.083799
2196677 62822.084216
2196678 62822.084632
2196679 62822.085049
2196680 62822.085466
2196681 62822.085882
2196682 62822.086299
2196683 62822.086716
2196684 62822.087132
2196685 62822.087549
2196686 62822.087966
2196687 62822.088382
2196688 62822.088799
2196689 62822.089216
2196690 62822.089632
2196691 62822.090049
2197978 62825.08871
2197979 62825.089127
2197980 62825.089543
2197981 62825.08996
2197982 62825.090377
2197983 62825.090793
2197984 62825.09121
2197985 62825.091627
2197986 62825.092043
2197987 62825.09246
2197988 62825.092877
2197989 62825.093293
2197990 62825.09371
2197991 62825.094127
2197992 62825.094543
2197993 62825.09496
2197994 62825.095377
2197995 62825.095793
2197996 62825.09621
2203779 62835.056782
2203780 62835.057199
2203781 62835.057616
2203782 62835.058032
2203783 62835.058449
2203784 62835.058866
2203785 62835.059282
2203786 62835.059699
2203787 62835.060116
2203788 62835.060532
2203789 62835.060949
2203790 62835.061366
2203791 62835.061782
2203792 62835.062199
2203793 62835.062616
2203794 62835.063032
2203795 62835.063449
2203796 62835.063866
2203797 62835.064282
2205500 62838.050565
2205501 62838.050982
2205502 62838.051398
2205503 62838.051815
2205504 62838.052232
2205505 62838.052648
2205506 62838.053065
2205507 62838.053482
2205508 62838.053898
2205509 62838.054315
2205510 62838.054732
2205511 62838.055148
2205512 62838.055565
2205513 62838.055982
2205514 62838.056398
2205515 62838.056815
2205516 62838.057232
2205517 62838.057648
2205518 62838.058065
2205519 62838.058482
2211043 62850.057516
2211044 62850.057932
2211045 62850.058349
2211046 62850.058766
2211047 62850.059182
2211048 62850.059599
2211049 62850.060016
2211050 62850.060432
2211051 62850.060849
2211052 62850.061266
2211053 62850.061682
2211054 62850.062099
2211055 62850.062516
2211056 62850.062932
2211057 62850.063349
2211058 62850.063766
2211059 62850.064182
2211060 62850.064599
2211061 62850.065016
2213228 62853.111144
2213229 62853.111561
2213230 62853.111977
2213231 62853.112394
2213232 62853.112811
2213233 62853.113227
2213234 62853.113644
2213235 62853.114061
2213236 62853.114477
2213237 62853.114894
2213238 62853.115311
2213239 62853.115727
2213240 62853.116144
2213241 62853.116561
2213242 62853.116977
2213243 62853.117394
2213244 62853.117811
2213245 62853.118227
2213246 62853.118644
2213247 62853.119061
2215238 62856.106915
2215239 62856.107331
2215240 62856.107748
2215241 62856.108165
2215242 62856.108581
2215243 62856.108998
2215244 62856.109415
2215245 62856.109831
2215246 62856.110248
2215247 62856.110665
2215248 62856.111081
2215249 62856.111498
2215250 62856.111915
2215251 62856.112331
2215252 62856.112748
2215253 62856.113165
2215254 62856.113581
2215255 62856.113998
2215256 62856.114415
2215257 62856.114831
2219698 62865.126862
2219699 62865.127278
2219700 62865.127695
2219701 62865.128112
2219702 62865.128528
2219703 62865.128945
2219704 62865.129362
2219705 62865.129778
2219706 62865.130195
2219707 62865.130612
2219708 62865.131028
2219709 62865.131445
2219710 62865.131862
2219711 62865.132278
2219712 62865.132695
2219713 62865.133112
2219714 62865.133528
2219715 62865.133945
2219716 62865.134362
2221637 62868.07022
2221638 62868.070637
2221639 62868.071053
2221640 62868.07147
2221641 62868.071887
2221642 62868.072303
2221643 62868.07272
2221644 62868.073137
2221645 62868.073553
2221646 62868.07397
2221647 62868.074387
2221648 62868.074803
2221649 62868.07522
2221650 62868.075637
2221651 62868.076053
2221652 62868.07647
2221653 62868.076887
2221654 62868.077303
2221655 62868.07772
2221656 62868.078137
2376937 63117.243643
2376938 63117.244059
2376939 63117.244476
2376940 63117.244893
2376941 63117.245309
2376942 63117.245726
2376943 63117.246143
2376944 63117.246559
2376945 63117.246976
2376946 63117.247393
2376947 63117.247809
2376948 63117.248226
2376949 63117.248643
2376950 63117.249059
2376951 63117.249476
2376952 63117.249893
2376953 63117.250309
2376954 63117.250726
2376955 63117.251143
2379305 63121.24423
2379306 63121.244646
2379307 63121.245063
2379308 63121.24548
2379309 63121.245896
2379310 63121.246313
2379311 63121.24673
2379312 63121.247146
2379313 63121.247563
2379314 63121.24798
2379315 63121.248396
2379316 63121.248813
2379317 63121.24923
2379318 63121.249646
2379319 63121.250063
2379320 63121.25048
2379321 63121.250896
2379322 63121.251313
2379323 63121.25173
2385562 63131.189264
2385563 63131.189692
2385564 63131.19012
2385565 63131.190549
2385566 63131.190977
2385567 63131.191405
2385568 63131.191833
2385569 63131.192262
2385570 63131.19269
2385571 63131.193118
2385572 63131.193546
2385573 63131.193975
2385574 63131.194391
2385575 63131.194808
2385576 63131.195225
2385577 63131.195641
2385578 63131.196058
2385579 63131.196475
2385580 63131.196891
2388681 63136.1771
2388682 63136.177528
2388683 63136.177956
2388684 63136.178384
2388685 63136.178813
2388686 63136.179241
2388687 63136.179669
2388688 63136.180097
2388689 63136.180526
2388690 63136.180942
2388691 63136.181359
2388692 63136.181776
2388693 63136.182192
2388694 63136.182609
2388695 63136.183026
2388696 63136.183442
2388697 63136.183859
2388698 63136.184276
2388699 63136.184692
2388700 63136.185109
2394239 63145.232379
2394240 63145.232796
2394241 63145.233213
2394242 63145.233629
2394243 63145.234046
2394244 63145.234463
2394245 63145.234879
2394246 63145.235296
2394247 63145.235713
2394248 63145.236129
2394249 63145.236546
2394250 63145.236963
2394251 63145.237379
2394252 63145.237796
2394253 63145.238213
2394254 63145.238629
2394255 63145.239046
2394256 63145.239463
2394257 63145.239879
2394258 63145.240296
2396665 63148.177511
2396666 63148.177928
2396667 63148.178345
2396668 63148.178761
2396669 63148.179178
2396670 63148.179595
2396671 63148.180011
2396672 63148.180428
2396673 63148.180845
2396674 63148.181261
2396675 63148.181678
2396676 63148.182095
2396677 63148.182511
2396678 63148.182928
2396679 63148.183345
2396680 63148.183761
2396681 63148.184178
2396682 63148.184595
2396683 63148.185011
2396684 63148.185428
2399143 63151.168788
2399144 63151.169204
2399145 63151.169621
2399146 63151.170038
2399147 63151.170454
2399148 63151.170871
2399149 63151.171288
2399150 63151.171704
2399151 63151.172121
2399152 63151.172538
2399153 63151.172954
2399154 63151.173371
2399155 63151.173788
2399156 63151.174204
2399157 63151.174621
2399158 63151.175038
2399159 63151.175454
2399160 63151.175871
2399161 63151.176288
2399162 63151.176704
2408390 63162.283256
2408391 63162.283672
2408392 63162.284089
2408393 63162.284506
2408394 63162.284922
2408395 63162.285339
2408396 63162.285756
2408397 63162.286172
2408398 63162.286589
2408399 63162.287006
2408400 63162.287422
2408401 63162.287839
2408402 63162.288256
2408403 63162.288672
2408404 63162.289089
2408405 63162.289506
2408406 63162.289922
2408407 63162.290339
2408408 63162.290756
2408409 63162.291172
2410465 63165.098807
2410466 63165.099235
2410467 63165.099664
2410468 63165.100092
2410469 63165.10052
2410470 63165.100948
2410471 63165.101365
2410472 63165.101782
2410473 63165.102198
2410474 63165.102615
2410475 63165.103032
2410476 63165.103448
2410477 63165.103865
2410478 63165.104282
2410479 63165.104698
2410480 63165.105115
2410481 63165.105532
2410482 63165.105948
2410483 63165.106365
2410484 63165.106782
2417102 63181.077971
2417103 63181.078388
2417104 63181.078805
2417105 63181.079221
2417106 63181.079638
2417107 63181.080055
2417108 63181.080471
2417109 63181.080888
2417110 63181.081305
2417111 63181.081721
2417112 63181.082138
2417113 63181.082555
2417114 63181.082971
2417115 63181.083388
2417116 63181.083805
2417117 63181.084221
2417118 63181.084638
2417119 63181.085055
2417120 63181.085471
2417121 63181.085888
2423656 63191.066609
2423657 63191.067026
2423658 63191.067442
2423659 63191.067859
2423660 63191.068276
2423661 63191.068692
2423662 63191.069109
2423663 63191.069526
2423664 63191.069942
2423665 63191.070359
2423666 63191.070776
2423667 63191.071192
2423668 63191.071609
2423669 63191.072026
2423670 63191.072442
2423671 63191.072859
2423672 63191.073276
2423673 63191.073692
2423674 63191.074109
2425753 63194.043804
2425754 63194.04422
2425755 63194.044637
2425756 63194.045054
2425757 63194.04547
2425758 63194.045887
2425759 63194.046304
2425760 63194.04672
2425761 63194.047137
2425762 63194.047554
2425763 63194.04797
2425764 63194.048387
2425765 63194.048804
2425766 63194.04922
2425767 63194.049637
2425768 63194.050054
2425769 63194.05047
2425770 63194.050887
2425771 63194.051304
2425772 63194.05172
2431491 63203.052748
2431492 63203.053165
2431493 63203.053581
2431494 63203.053998
2431495 63203.054415
2431496 63203.054831
2431497 63203.055248
2431498 63203.055665
2431499 63203.056081
2431500 63203.056498
2431501 63203.056915
2431502 63203.057331
2431503 63203.057748
2431504 63203.058165
2431505 63203.058581
2431506 63203.058998
2431507 63203.059415
2431508 63203.059831
2431509 63203.060248
2431510 63203.060665
2433588 63206.051874
2433589 63206.052291
2433590 63206.052707
2433591 63206.053124
2433592 63206.053541
2433593 63206.053957
2433594 63206.054374
2433595 63206.054791
2433596 63206.055207
2433597 63206.055624
2433598 63206.056041
2433599 63206.056457
2433600 63206.056874
2433601 63206.057291
2433602 63206.057707
2433603 63206.058124
2433604 63206.058541
2433605 63206.058957
2433606 63206.059374
2433607 63206.059791
2435635 63209.053628
2435636 63209.054045
2435637 63209.054462
2435638 63209.054878
2435639 63209.055295
2435640 63209.055712
2435641 63209.056128
2435642 63209.056545
2435643 63209.056962
2435644 63209.057378
2435645 63209.057795
2435646 63209.058212
2435647 63209.058628
2435648 63209.059045
2435649 63209.059462
2435650 63209.059878
2435651 63209.060295
2435652 63209.060712
2435653 63209.061128
2435654 63209.061545
2441818 63220.059714
2441819 63220.060131
2441820 63220.060548
2441821 63220.060964
2441822 63220.061381
2441823 63220.061798
2441824 63220.062214
2441825 63220.062631
2441826 63220.063048
2441827 63220.063464
2441828 63220.063881
2441829 63220.064298
2441830 63220.064714
2441831 63220.065131
2441832 63220.065548
2441833 63220.065964
2441834 63220.066381
2441835 63220.066798
2441836 63220.067214
2443815 63223.060195
2443816 63223.060612
2443817 63223.061029
2443818 63223.061445
2443819 63223.061862
2443820 63223.062279
2443821 63223.062695
2443822 63223.063112
2443823 63223.063529
2443824 63223.063945
2443825 63223.064362
2443826 63223.064779
2443827 63223.065195
2443828 63223.065612
2443829 63223.066029
2443830 63223.066445
2443831 63223.066862
2443832 63223.067279
2443833 63223.067695
2443834 63223.068112
