obsHistID expMJD
2249 59583.080873
2278 59583.094378
2330 59583.118645
2331 59583.119208
2332 59583.11966
2333 59583.120136
2334 59583.120616
2335 59583.121073
2336 59583.121539
2337 59583.121987
2338 59583.122443
2339 59583.122892
2340 59583.123341
2341 59583.123806
2342 59583.124255
2343 59583.124704
2344 59583.125176
2345 59583.125625
2346 59583.126096
2347 59583.126563
2348 59583.127056
2349 59583.127508
3026 59584.107682
3029 59584.109292
3030 59584.109764
3031 59584.110213
3032 59584.110662
3033 59584.111536
3034 59584.111986
3040 59584.114753
3041 59584.115203
3114 59584.148932
3116 59584.150098
3117 59584.15055
3118 59584.151004
3119 59584.151455
3120 59584.151904
178942 59818.250265
179080 59818.311603
179238 59818.386577
179239 59818.38703
179240 59818.387486
179254 59818.394299
179966 59819.274855
179970 59819.276664
179971 59819.277111
179972 59819.277562
179973 59819.278019
179996 59819.288391
179997 59819.288844
179998 59819.289296
179999 59819.289742
180000 59819.290189
180001 59819.290637
180002 59819.291083
180003 59819.291532
180004 59819.291978
180005 59819.292429
180006 59819.292931
180007 59819.29339
180008 59819.293839
180009 59819.294286
180011 59819.295212
180012 59819.295661
180013 59819.296138
180014 59819.296589
180015 59819.297041
180067 59819.322055
180068 59819.322643
180073 59819.325579
180879 59820.258259
180890 59820.263233
180891 59820.26368
180892 59820.26413
200705 59851.196667
200725 59851.205001
200735 59851.209488
200736 59851.209934
200737 59851.210381
200738 59851.210829
200739 59851.211277
200740 59851.211725
200741 59851.212175
200746 59851.214442
200747 59851.214891
200748 59851.215339
200749 59851.215808
200750 59851.216254
200751 59851.216703
200752 59851.217149
200753 59851.217595
200754 59851.218043
200810 59851.243712
200811 59851.244175
200812 59851.244649
200813 59851.245107
200814 59851.245566
200815 59851.246015
200816 59851.246464
200819 59851.247807
200823 59851.249593
200824 59851.25004
200825 59851.250489
200826 59851.250939
200891 59851.280399
200906 59851.287128
200907 59851.287585
200908 59851.288051
200909 59851.288499
200931 59851.298421
200932 59851.29887
200933 59851.299352
200934 59851.299801
200935 59851.300262
200936 59851.300749
200937 59851.301489
200938 59851.301945
200939 59851.302393
200942 59851.303812
200943 59851.304261
217577 59874.157263
217597 59874.165627
217617 59874.174673
217618 59874.175121
217619 59874.175568
217620 59874.176016
217621 59874.176463
217622 59874.176911
217623 59874.177357
217624 59874.177803
217625 59874.178252
217657 59874.192824
217673 59874.200091
217674 59874.20054
217675 59874.200989
217676 59874.201438
217677 59874.201887
217678 59874.202336
217679 59874.202791
217680 59874.203239
217681 59874.203695
217682 59874.204143
217683 59874.204592
217710 59874.216781
217719 59874.220857
217720 59874.221306
217721 59874.221754
217722 59874.22221
217723 59874.222658
217724 59874.223107
217725 59874.223555
218324 59875.121901
218325 59875.122402
218326 59875.122851
218327 59875.123298
218464 59875.190682
219141 59876.132349
219142 59876.132801
219143 59876.133279
219144 59876.13373
219916 59877.122191
219917 59877.122643
221436 59879.116798
221438 59879.117704
235013 59904.054465
235033 59904.062829
235051 59904.070895
235052 59904.071342
235053 59904.071791
235054 59904.07224
235056 59904.073144
235057 59904.0736
235058 59904.074058
235059 59904.074514
235060 59904.074972
235061 59904.075428
235062 59904.075874
235063 59904.07632
235064 59904.076766
235065 59904.077216
235066 59904.077662
235067 59904.078108
235068 59904.078556
235069 59904.079005
235070 59904.079452
235080 59904.083942
235082 59904.084864
235084 59904.085771
235085 59904.086303
235086 59904.086752
235087 59904.087213
235088 59904.087662
235149 59904.115164
235151 59904.116352
235154 59904.117704
235334 59904.198781
235784 59905.063407
235785 59905.063893
235790 59905.06674
235870 59905.104361
235877 59905.107505
235878 59905.107955
235880 59905.108854
235891 59905.114118
235892 59905.114567
235893 59905.115016
235894 59905.115478
235895 59905.115935
235896 59905.116393
235897 59905.116842
235898 59905.117303
235899 59905.117817
235996 59905.166119
235997 59905.166695
236614 59906.11126
277051 59968.081377
277059 59968.084966
277060 59968.085414
277061 59968.085863
277062 59968.086319
277063 59968.086767
277064 59968.087216
277065 59968.087664
277066 59968.088111
277067 59968.088565
277068 59968.089028
277070 59968.089934
277085 59968.096951
277091 59968.099654
277092 59968.100103
277093 59968.100552
277094 59968.10101
277095 59968.10148
277096 59968.101939
277097 59968.102387
277098 59968.102836
277099 59968.103285
277107 59968.106906
277108 59968.107355
277111 59968.109054
277112 59968.109503
277113 59968.11009
277114 59968.110557
277116 59968.111656
296845 59997.042149
296846 59997.042607
417974 60176.294941
417975 60176.295388
417976 60176.295836
418084 60176.344493
418143 60176.370939
418145 60176.371833
418154 60176.375862
418155 60176.376315
418156 60176.376763
418157 60176.377212
418158 60176.377661
418187 60176.39069
418188 60176.391139
418189 60176.391587
418190 60176.392036
418191 60176.392485
418192 60176.392971
418193 60176.39342
418194 60176.393869
418200 60176.396569
418201 60176.397018
418202 60176.397467
418203 60176.397915
418204 60176.398364
418205 60176.398822
418206 60176.39927
418207 60176.399726
418208 60176.400174
418209 60176.400631
418216 60176.403766
418217 60176.404215
418224 60176.407352
418225 60176.407801
418226 60176.408257
418227 60176.408706
418228 60176.409154
431123 60198.217082
431124 60198.217531
431134 60198.222007
431136 60198.222904
431138 60198.2238
431150 60198.229227
431176 60198.240276
431184 60198.243858
431185 60198.244306
431186 60198.244753
431192 60198.247441
431193 60198.247888
431194 60198.248335
431195 60198.248782
431196 60198.24923
431197 60198.249677
431296 60198.293922
431302 60198.29661
431303 60198.297057
431304 60198.297506
431305 60198.297954
431306 60198.298402
431351 60198.320243
431352 60198.320695
431353 60198.321144
431356 60198.322521
431357 60198.32297
431360 60198.324321
431361 60198.32477
431362 60198.325219
431363 60198.325668
431364 60198.326117
431365 60198.326586
431366 60198.327041
431367 60198.327499
431368 60198.327991
431369 60198.32844
431398 60198.341472
431400 60198.342377
431401 60198.342825
431402 60198.343281
431403 60198.343739
431404 60198.344195
431405 60198.344645
431406 60198.34511
431407 60198.345566
431408 60198.346019
431437 60198.359037
431438 60198.359487
431448 60198.36438
431449 60198.364928
431450 60198.365697
433034 60200.235837
433035 60200.236284
433036 60200.236733
433037 60200.23718
433038 60200.237628
433039 60200.238075
433040 60200.238521
433042 60200.239419
433043 60200.239866
433044 60200.240312
433045 60200.240758
433046 60200.241208
433047 60200.241654
433048 60200.242101
433068 60200.251043
433070 60200.251944
433071 60200.252391
433072 60200.252837
433073 60200.253288
433074 60200.253733
433075 60200.254182
433076 60200.254628
433077 60200.255077
433078 60200.255523
433079 60200.255978
433080 60200.256425
433091 60200.262196
433092 60200.262682
433093 60200.263161
433094 60200.263606
433095 60200.264084
433096 60200.264532
433097 60200.26498
433126 60200.27871
433127 60200.279188
433128 60200.279635
433129 60200.280084
433130 60200.280532
433131 60200.28098
433132 60200.281429
433140 60200.285209
433920 60201.224154
453521 60236.190662
453522 60236.191111
453523 60236.191558
453544 60236.200975
453559 60236.207697
453567 60236.211277
453603 60236.227425
453604 60236.227874
453605 60236.228332
453606 60236.228797
453607 60236.229245
453608 60236.229694
453609 60236.230151
453610 60236.2306
453611 60236.231086
465983 60260.072903
465984 60260.073383
466032 60260.094317
466033 60260.094764
466663 60261.05172
466672 60261.055789
466673 60261.056237
466674 60261.056684
466699 60261.067571
466703 60261.069371
466704 60261.069818
466705 60261.070265
466706 60261.070712
466707 60261.07116
466708 60261.071607
466709 60261.072059
466710 60261.072506
466711 60261.072953
466712 60261.073401
466713 60261.073848
466714 60261.074295
466715 60261.074744
466716 60261.07519
466717 60261.075636
466718 60261.076087
466719 60261.076532
466720 60261.076979
466721 60261.077429
466722 60261.077874
466723 60261.078322
466736 60261.084131
466737 60261.08458
466738 60261.085027
466739 60261.085473
466740 60261.085922
466741 60261.086368
466744 60261.087728
466745 60261.08818
466746 60261.088629
466747 60261.089078
466748 60261.089524
466749 60261.08997
466750 60261.090419
466751 60261.090865
466752 60261.091311
466753 60261.09176
466754 60261.092206
466755 60261.092652
466756 60261.093101
466757 60261.09355
466758 60261.093999
466759 60261.094455
466760 60261.0949
466761 60261.095346
466762 60261.095796
466763 60261.096242
466764 60261.096688
466765 60261.097137
466766 60261.097584
466767 60261.098033
466769 60261.098926
466770 60261.099373
466771 60261.09982
466781 60261.104511
466782 60261.10499
466783 60261.105439
466784 60261.105906
466785 60261.106356
466786 60261.106815
466787 60261.107262
466788 60261.10771
466791 60261.109052
466792 60261.109505
466793 60261.109953
466794 60261.110399
466795 60261.11085
466796 60261.111297
466798 60261.112193
466799 60261.112641
466813 60261.119246
466817 60261.121462
466819 60261.122356
467455 60262.068093
467552 60262.112486
467553 60262.113035
467554 60262.113483
468219 60263.069706
468221 60263.070622
468222 60263.071071
486463 60292.109626
487107 60293.085846
487108 60293.086306
615741 60499.426136
615742 60499.426584
615743 60499.427031
615746 60499.428379
615747 60499.428826
615748 60499.429273
657274 60554.23152
657288 60554.2378
657292 60554.239592
657293 60554.240041
657294 60554.240489
657300 60554.243182
657302 60554.244078
657400 60554.287608
657420 60554.295972
657428 60554.299551
657449 60554.308957
657450 60554.309405
657466 60554.316565
657467 60554.317014
657468 60554.31746
657470 60554.318354
657471 60554.318801
657472 60554.31925
657473 60554.319696
657487 60554.325962
657488 60554.326411
657489 60554.326857
657490 60554.327304
657544 60554.351477
657545 60554.351926
657546 60554.352375
657547 60554.352824
657548 60554.353273
657549 60554.353722
657550 60554.354177
657551 60554.354625
657552 60554.355081
657553 60554.355529
657554 60554.35598
657565 60554.360923
657566 60554.361372
657567 60554.361827
657568 60554.362275
657569 60554.362724
657570 60554.363173
657631 60554.390575
658295 60555.258054
660222 60557.254897
660224 60557.255793
660225 60557.25624
660226 60557.256688
660227 60557.257135
660228 60557.257586
660229 60557.258033
660230 60557.25848
660231 60557.258927
660232 60557.259374
660233 60557.259822
660234 60557.260269
660235 60557.260716
660236 60557.261171
660238 60557.262067999996
660239 60557.262515
660240 60557.262961
660241 60557.263408
660242 60557.263854
660243 60557.264303
660244 60557.264749
660245 60557.265196
660246 60557.265643
660247 60557.266092
660248 60557.26654
660249 60557.266989
660250 60557.267436
660251 60557.267882
660252 60557.268328
660253 60557.268777
660254 60557.269223
660255 60557.269672
660256 60557.270136
660257 60557.270588
660269 60557.275993
660270 60557.27644
660271 60557.276887
660272 60557.277335
660273 60557.277781
660274 60557.278227
660275 60557.278679
660276 60557.279124
660277 60557.279571
660278 60557.28002
660279 60557.280469
660280 60557.280916
660281 60557.281362
660282 60557.281808
660283 60557.282256
660284 60557.282702
660285 60557.283155
660286 60557.283601
660287 60557.284047
660288 60557.284495
660350 60557.312608
660351 60557.313055
660352 60557.313504
660353 60557.313952
660355 60557.314856
660356 60557.315303
660359 60557.316664
660360 60557.317118
660361 60557.317567
660373 60557.322961
660374 60557.323411
660375 60557.323859
660376 60557.324318
660377 60557.324768
660378 60557.325222
660379 60557.325671
660397 60557.333892
660398 60557.334341
660399 60557.33479
660400 60557.335243
660417 60557.342859
660423 60557.345558
660424 60557.346031
661558 60559.258344
662433 60560.238415
674957 60582.154553
675089 60582.213122
675090 60582.213579
675091 60582.214026
675092 60582.214473
675093 60582.214921
675096 60582.216345
675097 60582.216791
675098 60582.217237
675099 60582.217683
675100 60582.218131
675101 60582.218577
675102 60582.219024
675103 60582.219473
675104 60582.219924
675105 60582.220373
675106 60582.220822
675107 60582.22127
675108 60582.221715
675109 60582.222161
675110 60582.222611
675145 60582.238737
675147 60582.239632
675148 60582.240083
675152 60582.241871
675154 60582.242768
675156 60582.243664
675160 60582.24545
675161 60582.245899
675162 60582.246348
675163 60582.246797
675164 60582.247247
675165 60582.247696
675166 60582.24815
675167 60582.248599
675168 60582.249049
675169 60582.249498
675171 60582.250401
675212 60582.268794
675213 60582.269242
675230 60582.277335
677615 60585.18007
677628 60585.185896
677630 60585.186792
677632 60585.187687
677633 60585.188134
677634 60585.188581
677635 60585.189028
677636 60585.189476
677637 60585.189923
677645 60585.193821
677646 60585.194267
677647 60585.194714
677648 60585.195163
677649 60585.19561
677650 60585.196058
677651 60585.196504
677652 60585.196951
677653 60585.1974
677654 60585.19785
677655 60585.198299
677656 60585.198753
677657 60585.199202
677658 60585.199655
677659 60585.200103
677660 60585.20055
677661 60585.200999
677662 60585.201445
677682 60585.21041
677697 60585.217491
677698 60585.217938
677699 60585.218387
677700 60585.218834
677701 60585.219283
677702 60585.21973
677703 60585.220176
677704 60585.220625
677705 60585.221071
677706 60585.221517
677707 60585.221965
677708 60585.222412
677750 60585.241589
677763 60585.247419
677764 60585.24787
677765 60585.248319
677766 60585.248775
677767 60585.249229
677768 60585.24968
680166 60588.162637
680189 60588.172418
680190 60588.172864
680191 60588.173353
680192 60588.1738
699438 60612.122751
699446 60612.12633
699447 60612.126778
699448 60612.127225
699453 60612.129466
699454 60612.129913
699455 60612.130359
699456 60612.130806
699457 60612.131255
699549 60612.172771
699550 60612.173218
699551 60612.173667
699552 60612.174114
699602 60612.196609
699603 60612.197059
699612 60612.20109
700207 60613.106388
700208 60613.106834
700209 60613.107281
700210 60613.107727
700212 60613.108625
700213 60613.109072
700214 60613.109518
700215 60613.109964
700216 60613.110431
700222 60613.113134
700223 60613.113581
700224 60613.114027
700225 60613.114476
700226 60613.114922
700227 60613.11537
700265 60613.132425
700266 60613.132873
700267 60613.13332
700268 60613.133766
700269 60613.134214
700270 60613.13466
700271 60613.135109
700272 60613.135554
700273 60613.136003
700274 60613.136449
700275 60613.136903
700276 60613.137356
700277 60613.137805
700278 60613.138254
700279 60613.1387
700280 60613.139148
700289 60613.143503
700290 60613.143957
700291 60613.144405
700292 60613.144884
700293 60613.145335
700294 60613.145783
700295 60613.14623
700296 60613.146695
700297 60613.147143
700298 60613.14759
700317 60613.156318
700318 60613.156764
700319 60613.157235
700320 60613.157681
700325 60613.159949
700988 60614.100396
703340 60617.094133
704260 60620.139447
704281 60620.149544
704282 60620.149993
719558 60644.068614
719559 60644.069078
721003 60646.075285
721711 60647.069359
738328 60671.100532
739650 60673.084908
739689 60673.102894
739690 60673.103344
739691 60673.103819
739700 60673.108835
740351 60674.096461
740370 60674.106158
740371 60674.106687
742408 60677.068898
742428 60677.077435
742430 60677.078464
760232 60702.083464
760234 60702.084361
760235 60702.08481
760245 60702.089457
760246 60702.089906
760247 60702.090355
760248 60702.090804
760249 60702.091252
760252 60702.092666
760253 60702.093125
760254 60702.093589
760255 60702.094037
760256 60702.094493
760257 60702.094941
760258 60702.095394
760259 60702.095842
760267 60702.099481
760268 60702.099929
760270 60702.100825
760281 60702.105939
760282 60702.106387
760283 60702.106835
760284 60702.107283
760285 60702.107731
760289 60702.109568
760290 60702.110016
760291 60702.110465
760292 60702.110914
760293 60702.111363
760294 60702.111829
760295 60702.112323
760296 60702.112795
782176 60731.043711
782177 60731.044159
782183 60731.046848
782184 60731.047295
782185 60731.047744
782186 60731.048193
782187 60731.04864
782188 60731.049087
782190 60731.049982
782192 60731.050875
782193 60731.051321
782194 60731.05177
782195 60731.052218
782196 60731.052664
782197 60731.053137
782198 60731.053628
782199 60731.054114
782200 60731.054561
782201 60731.055009
885336 60878.393534
885337 60878.393991
885338 60878.394438
885339 60878.394886
885340 60878.395336
885345 60878.398077
885346 60878.398531
885349 60878.400006
885350 60878.400461
885351 60878.400914
885373 60878.412287
885374 60878.412738
885375 60878.413186
885376 60878.413638
885377 60878.414092
885378 60878.414539
885379 60878.414987
885380 60878.415434
911402 60907.264772
911403 60907.26522
911590 60907.34914
911591 60907.349588
911592 60907.350036
911618 60907.361693
911627 60907.36573
911628 60907.366178
911629 60907.366627
911633 60907.368415
911665 60907.382822
911675 60907.387309
911676 60907.387758
911677 60907.388207
911678 60907.388656
911679 60907.389115
911680 60907.389564
911681 60907.390022
911682 60907.390471
911683 60907.39092
911684 60907.391369
911685 60907.391818
911695 60907.396312
911696 60907.396761
911697 60907.39721
911698 60907.397659
911699 60907.398107
911700 60907.398556
911701 60907.399005
911702 60907.39946
911703 60907.399909
911704 60907.400357
911705 60907.400806
911706 60907.401254
911707 60907.401703
914644 60911.280792
914645 60911.28124
914646 60911.281687
914647 60911.282139
914648 60911.282587
914651 60911.28393
914652 60911.284377
914653 60911.284824
914654 60911.285272
914655 60911.285719
914665 60911.29053
914666 60911.290979
914667 60911.291426
914669 60911.292323
914670 60911.29277
914671 60911.293216
914672 60911.293663
914673 60911.294111
914674 60911.294558
914675 60911.295006
914676 60911.295453
914677 60911.2959
914678 60911.296348
914713 60911.312088
914716 60911.313434
914717 60911.313881
914718 60911.314327
914719 60911.314776
914720 60911.315222
914721 60911.315668
914722 60911.316119
914723 60911.316565
914724 60911.317012
914725 60911.317465
914726 60911.317923
914727 60911.318402
914728 60911.318849
914729 60911.319298
914743 60911.325564
914764 60911.335163
914765 60911.335612
914766 60911.336062
914767 60911.336523
914768 60911.336972
914769 60911.337427
914776 60911.340555
914777 60911.341004
914778 60911.341451
914789 60911.346379
914790 60911.346829
914791 60911.347278
914820 60911.3607
914821 60911.361149
914829 60911.364746
914830 60911.365194
914834 60911.367026
914835 60911.367475
947264 60966.139892
947284 60966.148225
947285 60966.148673
947286 60966.14912
947290 60966.150911
947316 60966.162551
947317 60966.162998
947319 60966.163903
947320 60966.16435
947329 60966.168384
947330 60966.16883
947331 60966.169278
947332 60966.169726
947333 60966.170175
947363 60966.183743
947364 60966.18419
947365 60966.184637
947366 60966.185086
947367 60966.185532
947546 60966.266167
947547 60966.266616
947548 60966.267065
947549 60966.267528
947550 60966.267977
947551 60966.268433
947554 60966.269778
947555 60966.270226
947556 60966.270682
947557 60966.271137
947558 60966.271586
947617 60966.298053
947618 60966.298541
948860 60969.099326
948876 60969.106518
948940 60970.137409
948941 60970.137855
948942 60970.138303
948957 60970.144993
948982 60970.156243
948983 60970.156697
948984 60970.157146
948985 60970.157596
948986 60970.158045
948992 60970.160723
948993 60970.161172
948999 60970.163865
949000 60970.164315
949001 60970.164772
949002 60970.165222
949003 60970.165671
949004 60970.16612
949005 60970.16657
949006 60970.167019
949007 60970.167468
949008 60970.167916
949010 60970.168807
949011 60970.169255
949012 60970.169702
949013 60970.17015
949014 60970.170597
949015 60970.171046
949016 60970.171495
949017 60970.171945
949024 60970.175071
949025 60970.175525
949026 60970.175975
949027 60970.176428
949028 60970.176877
949029 60970.177326
949030 60970.177775
949031 60970.178224
949032 60970.178673
949036 60970.180546
949037 60970.180995
949038 60970.181444
949039 60970.181893
949040 60970.182342
949041 60970.182791
949042 60970.18324
949045 60970.184583
949567 60971.113326
949587 60971.121691
949588 60971.122139
949589 60971.122586
949590 60971.123033
949592 60971.123929
949593 60971.124376
949594 60971.124823
949595 60971.125275
949596 60971.125721
949597 60971.126168
949598 60971.126615
949599 60971.127065
949600 60971.127512
949601 60971.127958
949602 60971.128404
949603 60971.128855
949604 60971.129307
949605 60971.129755
949606 60971.130202
949608 60971.131101
949686 60971.166868
949687 60971.167317
949688 60971.167766
949689 60971.168216
949690 60971.168669
949691 60971.169118
949692 60971.169572
949693 60971.170021
949694 60971.17047
949695 60971.170917
949696 60971.171363
949697 60971.171808
949698 60971.172256
949699 60971.172704
949700 60971.173153
949701 60971.173605
949702 60971.174053
949703 60971.174499
949708 60971.176735
949709 60971.177183
949710 60971.177634
949711 60971.178092
949712 60971.178539
949713 60971.178985
949716 60971.18033
949720 60971.182118
949721 60971.182565
949722 60971.183013
949723 60971.183462
949724 60971.183911
949727 60971.185249
949728 60971.185696
961602 60995.050708
961603 60995.051157
961604 60995.051604
961609 60995.05384
961630 60995.063319
961631 60995.063768
961632 60995.064214
961633 60995.064663
961634 60995.065109
961635 60995.065557
961636 60995.066004
961637 60995.066451
961638 60995.066901
961639 60995.06735
961640 60995.067797
961641 60995.068244
961642 60995.068691
961797 60995.137176
961877 60995.17333
961879 60995.174248
961881 60995.175152
961882 60995.175601
961883 60995.176057
962390 60996.061591
962394 60996.063392
962395 60996.063838
962396 60996.064296
962397 60996.064742
962398 60996.065194
962399 60996.065642
962451 60996.089636
962453 60996.090531
962454 60996.09098
962455 60996.091426
962456 60996.091873
962457 60996.092322
962458 60996.092768
962459 60996.093214
962460 60996.09366
962461 60996.094109
962474 60996.100011
962475 60996.100473
962476 60996.100918
962477 60996.101365
962478 60996.101814
962480 60996.102704
962481 60996.103152
962482 60996.103601
962483 60996.10405
962484 60996.104502
962485 60996.104951
962486 60996.105448
962487 60996.105897
962488 60996.106346
962489 60996.106795
962490 60996.107244
962535 60996.127598
962536 60996.128046
962537 60996.128495
962538 60996.128944
962539 60996.129397
962551 60996.134779
963215 60997.102447
963216 60997.102905
963219 60997.104305
963900 60998.068317
963901 60998.068763
963902 60998.06924
963903 60998.069689
963912 60998.074059
980779 61025.081964
1047482 61118.020358
1047483 61118.020806
1047484 61118.021255
1048386 61119.015077
1048387 61119.015523
1048388 61119.015972
1048389 61119.016419
1048390 61119.016868
1048391 61119.017317
1151122 61266.279052
1151135 61266.284942
1151136 61266.28539
1151332 61266.37289
1151333 61266.373338
1151360 61266.385424
1151374 61266.391726
1151375 61266.392175
1151376 61266.392623
1151377 61266.393071
1151378 61266.39352
1151379 61266.393973
1151380 61266.394422
1151382 61266.395326
1151383 61266.395774
1151387 61266.397597
1151388 61266.398046
1151389 61266.398494
1151390 61266.398943
1151391 61266.399392
1151392 61266.399841
1151393 61266.40029
1151395 61266.401194
1168165 61297.22268
1168166 61297.223127
1168167 61297.223574
1168168 61297.224023
1168169 61297.22447
1168170 61297.224957
1168190 61297.233321
1168197 61297.236456
1168198 61297.236903
1168199 61297.23735
1168200 61297.237797
1168203 61297.239141
1168204 61297.239588
1168205 61297.240035
1168206 61297.240481
1168207 61297.240934
1168208 61297.24138
1168209 61297.241827
1168210 61297.242274
1168211 61297.24272
1168212 61297.243167
1168213 61297.243615
1168214 61297.244062
1168215 61297.244508
1168216 61297.244957
1168217 61297.245405
1168218 61297.245852
1168219 61297.246299
1168223 61297.248088
1168260 61297.264663
1168261 61297.265111
1168262 61297.265557
1168263 61297.266006
1168264 61297.266452
1168265 61297.266899
1168266 61297.267347
1168268 61297.268282
1168269 61297.268728
1168270 61297.269174
1168271 61297.269623
1168272 61297.270072
1168273 61297.270523
1168274 61297.270971
1168275 61297.271427
1168276 61297.271879
1168277 61297.272324
1168278 61297.272772
1168279 61297.273221
1168280 61297.273667
1168281 61297.274116
1168282 61297.274564
1168283 61297.275013
1168284 61297.275462
1168285 61297.275915
1168286 61297.276364
1168287 61297.276826
1168288 61297.277273
1168289 61297.277722
1168292 61297.279063
1168293 61297.279511
1168294 61297.27996
1168295 61297.280409
1168296 61297.280859
1168297 61297.281308
1168298 61297.281757
1168299 61297.282211
1168300 61297.282661
1168301 61297.28311
1168302 61297.283559
1168309 61297.286701
1168310 61297.28715
1168311 61297.287599
1168312 61297.288048
1168313 61297.288497
1168314 61297.288952
1168315 61297.289401
1168316 61297.28985
1168344 61297.302443
1168346 61297.303348
1168362 61297.310561
1168363 61297.311051
1168364 61297.3115
1168365 61297.311949
1168366 61297.312398
1168367 61297.312847
1168387 61297.322018
1168392 61297.324266
1168393 61297.324715
1168396 61297.326077
1168401 61297.328336
1169096 61298.220877
1186513 61320.167582
1186571 61320.19358
1186577 61320.19627
1186578 61320.196717
1186579 61320.197164
1186580 61320.197612
1186586 61320.200317
1186587 61320.200765
1186588 61320.201214
1186589 61320.201663
1186590 61320.202112
1186591 61320.202559
1186592 61320.203005
1186593 61320.203451
1186594 61320.203899
1186595 61320.204348
1186596 61320.204794
1186597 61320.20524
1186598 61320.205691
1186599 61320.206139
1186600 61320.206585
1186601 61320.207033
1186602 61320.207482
1186603 61320.207931
1186604 61320.208379
1186605 61320.208835
1186606 61320.209283
1186607 61320.209731
1186613 61320.212414
1186614 61320.212861
1186615 61320.213309
1186616 61320.213765
1186834 61320.313207
1186870 61320.329451
1186912 61320.348628
1186913 61320.349078
1186919 61320.351794
1186950 61320.365782
1186951 61320.366232
1187311 61321.130475
1187370 61321.157525
1187390 61321.165906
1187391 61321.166353
1187392 61321.166801
1187393 61321.167248
1187394 61321.167695
1187395 61321.168141
1187396 61321.16859
1187397 61321.169036
1187398 61321.169483
1187399 61321.16995
1187401 61321.170847
1187402 61321.171294
1187403 61321.171743
1187404 61321.172189
1187405 61321.172637
1187406 61321.173086
1187407 61321.173533
1187408 61321.173978
1187409 61321.174428
1187410 61321.174873
1187436 61321.186539
1187438 61321.187444
1187439 61321.187893
1187440 61321.188342
1187441 61321.18879
1187442 61321.189235
1187443 61321.189684
1187444 61321.19013
1187445 61321.190578
1187449 61321.192368
1187451 61321.193265
1187453 61321.194166
1187454 61321.194614
1187455 61321.195061
1187456 61321.195507
1187457 61321.195957
1187458 61321.196415
1187459 61321.196898
1187460 61321.197347
1187461 61321.197796
1187462 61321.198245
1187463 61321.198691
1187464 61321.19914
1187465 61321.199586
1187467 61321.200483
1187468 61321.200946
1187469 61321.201406
1187510 61321.220293
1187516 61321.222978
1187517 61321.223426
1187521 61321.225236
1187522 61321.225694
1187523 61321.226143
1187524 61321.226616
1187629 61321.275988
1188216 61322.149013
1188217 61322.149465
1188220 61322.150809
1188221 61322.151256
1188222 61322.151706
1188223 61322.152153
1188224 61322.1526
1188225 61322.15305
1188226 61322.153496
1188227 61322.153946
1188228 61322.154422
1188251 61322.164257
1188271 61322.173305
1188272 61322.173752
1188273 61322.174208
1188274 61322.17466
1188275 61322.175107
1188276 61322.175555
1188277 61322.176001
1188278 61322.176447
1188279 61322.176896
1188280 61322.177342
1188281 61322.177792
1188282 61322.178237
1188283 61322.178684
1188297 61322.185219
1188298 61322.18567
1188299 61322.186124
1188300 61322.186571
1188301 61322.187017
1188302 61322.187494
1188306 61322.189524
1188307 61322.189976
1188308 61322.190422
1188309 61322.190871
1188310 61322.191318
1188318 61322.195156
1188319 61322.195607
1188320 61322.196057
1188321 61322.196536
1188322 61322.196983
1188327 61322.199613
1188335 61322.204187
1188336 61322.204638
1188337 61322.205117
1188343 61322.210406
1188345 61322.211333
1188347 61322.212228
1188349 61322.213125
1188351 61322.214019
1189050 61323.161481
1189070 61323.171637
1204924 61351.078462
1204950 61351.089865
1204957 61351.093534
1204958 61351.093985
1204984 61351.109274
1204985 61351.109727
1204986 61351.110176
1204987 61351.110622
1204988 61351.11107
1204989 61351.111548
1205011 61351.122459
1205012 61351.122909
1205013 61351.123355
1205014 61351.123804
1205015 61351.12425
1205016 61351.124698
1205018 61351.125594
1205032 61351.13266
1221889 61379.149914
1222528 61380.11003
1222529 61380.110495
1222530 61380.110943
1222531 61380.111392
1222532 61380.111848
1222548 61380.119182
1222549 61380.119631
1222550 61380.120086
1222551 61380.120536
1222552 61380.121036
1222553 61380.121624
1222554 61380.12208
1222555 61380.122536
1222556 61380.122985
1222586 61380.136569
1222587 61380.137018
1222588 61380.13747
1222589 61380.137926
1222590 61380.138383
1222591 61380.138905
1222592 61380.139549
1222593 61380.140006
1222594 61380.140485
1222595 61380.140952
1223188 61381.079343
1223189 61381.079791
1223190 61381.080246
1223191 61381.080734
1223192 61381.081183
1223193 61381.081737
1223194 61381.082186
1223195 61381.082634
1223203 61381.086225
1223229 61381.098854
1223230 61381.099302
1223231 61381.099751
1227264 61387.064452
1237280 61409.100415
1237281 61409.100865
1237283 61409.101839
1237284 61409.102297
1237285 61409.10276
1237300 61409.109562
1237301 61409.110062
1237302 61409.11052
1237303 61409.110999
1237304 61409.111557
1237305 61409.112012
1237306 61409.112481
1237307 61409.112935
1237308 61409.113385
1237309 61409.113835
1237325 61409.121013
1237335 61409.125497
1237336 61409.125946
1237337 61409.126394
1237338 61409.126862
1237339 61409.127389
1237347 61409.130986
1237348 61409.131435
1237349 61409.131883
1237350 61409.132332
1237351 61409.132788
1237352 61409.133236
1237353 61409.133694
1237354 61409.134143
1237355 61409.134592
1237357 61409.135547
1238014 61410.102762
1238015 61410.103222
1238016 61410.10386
1238017 61410.10431
1238019 61410.105341
1238078 61410.133326
1238079 61410.133775
1238080 61410.134224
1238081 61410.134673
1238082 61410.135122
1238083 61410.135571
1238084 61410.13602
1238085 61410.136488
1238086 61410.136937
1238087 61410.137386
1238088 61410.137835
1238089 61410.138284
1238090 61410.138733
1238128 61410.155801
1258884 61440.049538
1258885 61440.049987
1258886 61440.050443
1258887 61440.050891
1258888 61440.051342
1258889 61440.051799
1258890 61440.052249
1258891 61440.052697
1258892 61440.053146
1258893 61440.053594
1258894 61440.054043
1258895 61440.054492
1258896 61440.054943
1258897 61440.055402
1258898 61440.055874
1258899 61440.056338
1258931 61440.070721
1258934 61440.072084
1258935 61440.072571
1258969 61440.088135
1258970 61440.088623
1258982 61440.094046
1258984 61440.094943
1261888 61444.046964
1261889 61444.047412
1261890 61444.047861
1261905 61444.054571
1261906 61444.05502
1261907 61444.055469
1261908 61444.055918
1261909 61444.056367
1261910 61444.056816
1261911 61444.057265
1261912 61444.057734
1261913 61444.058182
1261914 61444.058638
1261915 61444.059086
1261916 61444.05954
1261917 61444.059988
1261918 61444.060436
1261921 61444.061781
1261938 61444.069465
1261939 61444.069914
1261940 61444.070368
1261941 61444.070817
1261943 61444.071737
1261944 61444.072186
1261945 61444.072635
1261946 61444.073084
1261947 61444.073533
1261948 61444.074082
1261950 61444.075007
1261951 61444.075455
1261963 61444.080986
1261964 61444.081434
1261965 61444.081883
1261966 61444.08235
1261978 61444.089876
1282878 61471.029053
1282879 61471.029502
1282880 61471.029951
1282881 61471.030398
1282884 61471.031742
1282885 61471.03219
1283767 61472.031473
1283768 61472.031922
1283769 61472.032371
1283770 61472.03282
1283771 61472.033269
1283772 61472.033719
1283773 61472.034168
1283774 61472.034617
1283775 61472.035066
1283776 61472.035515
1283778 61472.036419
1283779 61472.036868
1283780 61472.037317
1283781 61472.037765
1283782 61472.038214
1283783 61472.038661
1283787 61472.040452
1284630 61473.025426
1284631 61473.025872
1284632 61473.026321
1284633 61473.026767
1284635 61473.027663
1284636 61473.028109
1284637 61473.028555
1284638 61473.029004
1284639 61473.029451
1284640 61473.0299
1284641 61473.030347
1284642 61473.030796
1284643 61473.031242
1284644 61473.031691
1284645 61473.032136
1284709 61473.061866
1284710 61473.062312
1284711 61473.062761
1284712 61473.063304
1284713 61473.063753
1284714 61473.064203
1284715 61473.064676
1286317 61475.025352
1286318 61475.025871
1306196 61502.01848
1307082 61503.010817
1404816 61648.239108
1404817 61648.239556
1404874 61648.264703
1404875 61648.26515
1404876 61648.265598
1404877 61648.266046
1404878 61648.266493
1404879 61648.266942
1404880 61648.267389
1404882 61648.268285
1404883 61648.268732
1404884 61648.269178
1404885 61648.269627
1404886 61648.270074
1404887 61648.27052
1404888 61648.270969
1404889 61648.271416
1404890 61648.271863
1404892 61648.272771
1404894 61648.273668
1404895 61648.274115
1404896 61648.274561
1404897 61648.275007
1404898 61648.275458
1404900 61648.276375
1404901 61648.276822
1404978 61648.311869
1404979 61648.312317
1404980 61648.312764
1404989 61648.316798
1404990 61648.317247
1404993 61648.318593
1404994 61648.319039
1404995 61648.319486
1404996 61648.319934
1404997 61648.320383
1404998 61648.320844
1404999 61648.321293
1405000 61648.321742
1405001 61648.32219
1405002 61648.322636
1405003 61648.323082
1405005 61648.323978
1405006 61648.324425
1405007 61648.324875
1405008 61648.325324
1405009 61648.325773
1405010 61648.326229
1405011 61648.326678
1405012 61648.327127
1405013 61648.327582
1405014 61648.328031
1405015 61648.32848
1405016 61648.328935
1405017 61648.329384
1405018 61648.329833
1405021 61648.331185
1405057 61648.347463
1405058 61648.347912
1405059 61648.348362
1405060 61648.348822
1405061 61648.349279
1416678 61678.192279
1416808 61678.26124
1416919 61678.321567
1416926 61678.324704
1416927 61678.325159
1416928 61678.325609
1416959 61678.343839
1416995 61678.365257
1416996 61678.365706
1416997 61678.366155
1416998 61678.366603
1416999 61678.367058
1417000 61678.367524
1417001 61678.367972
1417014 61678.373811
1417535 61679.21952
1417536 61679.21997
1417537 61679.220419
1417538 61679.220868
1417539 61679.221317
1417540 61679.221766
1417541 61679.222216
1417542 61679.222665
1417543 61679.223114
1417544 61679.223572
1417545 61679.224021
1417546 61679.22447
1417547 61679.224919
1417548 61679.225371
1417549 61679.225818
1417550 61679.226267
1417551 61679.226714
1417552 61679.22716
1417553 61679.227609
1417554 61679.228057
1417555 61679.228504
1417559 61679.230293
1417560 61679.230741
1417561 61679.231189
1417579 61679.239309
1417580 61679.239755
1417582 61679.240651
1417584 61679.241548
1417585 61679.241997
1417586 61679.242455
1417587 61679.242904
1417588 61679.243353
1417589 61679.243802
1417590 61679.244263
1417591 61679.244712
1417592 61679.245223
1417593 61679.245745
1417716 61679.303109
1417717 61679.303559
1417796 61679.341926
1418333 61680.185281
1419149 61681.169773
1436949 61705.199221
1436950 61705.19967
1436951 61705.200118
1436952 61705.200567
1436953 61705.201016
1436954 61705.201465
1436955 61705.201914
1436956 61705.202363
1436968 61705.20774
1436969 61705.208189
1436970 61705.208638
1436971 61705.209086
1436972 61705.209535
1437131 61705.280969
1437156 61705.292263
1437157 61705.292713
1437158 61705.293185
1437159 61705.293635
1437160 61705.294085
1437161 61705.294536
1437163 61705.295467
1437165 61705.296378
1437166 61705.296828
1437167 61705.297278
1437168 61705.297728
1437169 61705.298185
1437170 61705.298635
1437172 61705.299542
1437173 61705.299991
1437174 61705.300442
1437178 61705.302244
1437179 61705.302692
1437180 61705.303149
1437181 61705.3036
1437182 61705.304049
1437183 61705.304497
1437547 61706.097606
1437548 61706.098053
1437718 61706.177685
1437719 61706.178133
1437720 61706.178582
1437730 61706.183087
1437731 61706.183542
1437732 61706.183991
1437740 61706.18768
1437741 61706.188129
1437742 61706.188583
1437743 61706.189032
1437748 61706.191292
1437749 61706.19175
1437807 61706.219789
1437808 61706.220306
1439089 61708.097736
1439732 61709.103493
1439734 61709.104389
1439735 61709.104836
1439736 61709.105284
1439737 61709.105761
1439738 61709.106208
1439739 61709.106685
1439740 61709.107164
1439741 61709.107613
1439748 61709.111438
1439749 61709.11189
1439750 61709.112433
1439791 61709.131996
1439792 61709.132443
1439793 61709.132891
1439794 61709.133338
1439795 61709.133786
1439796 61709.134296
1439797 61709.134747
1439798 61709.135195
1439800 61709.136092
1439810 61709.1409
1439811 61709.141379
1439812 61709.141865
1439816 61709.143712
1439833 61709.151747
1439834 61709.152193
1439835 61709.152644
1439836 61709.153093
1440533 61710.117002
1451827 61734.053689
1451841 61734.060061
1451842 61734.060514
1451843 61734.060963
1451844 61734.061418
1451845 61734.061867
1451846 61734.062316
1451847 61734.062766
1451848 61734.063222
1451849 61734.063667
1451850 61734.064125
1451851 61734.064616999996
1451852 61734.065065
1451853 61734.06553
1452049 61734.154862
1452050 61734.155311
1452051 61734.155786
1452081 61734.169624
1452114 61734.184549
1452115 61734.185069
1452116 61734.185538
1452117 61734.18615
1452731 61735.127638
1452759 61735.14135
1470911 61763.174958
1470912 61763.175407
1470915 61763.176989
1470916 61763.177439
1470917 61763.177888
1470918 61763.178344
1470919 61763.178792
1470920 61763.17924
1470921 61763.179688
1470922 61763.180137
1470923 61763.180585
1470924 61763.181034
1470959 61763.196206
1470961 61763.197103
1470964 61763.198529
1470965 61763.198993
1470966 61763.199448
1470967 61763.199897
1470968 61763.200374
1471418 61764.07836
1471419 61764.079057
1471420 61764.079545
1471423 61764.080926
1471424 61764.081382
1471425 61764.081883
1471426 61764.082351
1471464 61764.099688
1471465 61764.100158
1471466 61764.100719
1471467 61764.101168
1471471 61764.103014
1471472 61764.103487
1471705 61764.209235
1471706 61764.209683
1471710 61764.211508
1471711 61764.211959
1471712 61764.212414
1471713 61764.212863
1471714 61764.21332
1471715 61764.213769
1471716 61764.214225
1471717 61764.214674
1471727 61764.219223
1471728 61764.21987
1471735 61764.223834
1472158 61765.106314
1472164 61765.109107
1472173 61765.113237
1472174 61765.113694
1472175 61765.11418
1472176 61765.114636
1472177 61765.115287
1472178 61765.115882
1472224 61765.137794
1472225 61765.138266
1472326 61765.187637
1492266 61794.06128
1492269 61794.062654
1492270 61794.063143
1492271 61794.063595
1492272 61794.064044
1492273 61794.064493
1492274 61794.064942
1492275 61794.06539
1492277 61794.066395
1492278 61794.066844
1492279 61794.067293
1492280 61794.067742
1492281 61794.068191
1492282 61794.068639
1492283 61794.06909
1492284 61794.069556
1492285 61794.070005
1492286 61794.070453
1492287 61794.070902
1492288 61794.071381
1492289 61794.071829
1492290 61794.072278
1492291 61794.072729
1492292 61794.073186
1492293 61794.073647
1492294 61794.074114
1492295 61794.074672
1492296 61794.075128
1492297 61794.075597
1492298 61794.076047
1492299 61794.076496
1492300 61794.076953
1492301 61794.077403
1492302 61794.077861
1492303 61794.078318
1492305 61794.079242
1492306 61794.079692
1492309 61794.08106
1492314 61794.08333
1492386 61794.1168
1492388 61794.117706
1494551 61798.09326
1494554 61798.094604
1494557 61798.09595
1494558 61798.096397
1494559 61798.096846
1494560 61798.097295
1494561 61798.097746
1494562 61798.098194
1494563 61798.098643
1494564 61798.099091
1494566 61798.099996
1513615 61824.038345
1513620 61824.040585
1513621 61824.041033
1513622 61824.041482
1513623 61824.04193
1513720 61824.085937
1513721 61824.086383
1513722 61824.086831
1513723 61824.08728
1513724 61824.087726
1513725 61824.088188
1513726 61824.088637
1513727 61824.089126
1513728 61824.089575
1513729 61824.090026
1513730 61824.090474
1513731 61824.090921
1513732 61824.09137
1513733 61824.091816
1513734 61824.092261
1513735 61824.09271
1513736 61824.093156
1513737 61824.093603
1513738 61824.094052
1513739 61824.0945
1514479 61825.045691
1514480 61825.04614
1514481 61825.046588
1514486 61825.048822
1514491 61825.051059
1514492 61825.051505
1514493 61825.051954
1514494 61825.052403
1514495 61825.052849
1514497 61825.053744
1514498 61825.054191
1514499 61825.054638
1514500 61825.055085
1514501 61825.055535
1514502 61825.055984
1514503 61825.056439
1514504 61825.056888
1516124 61827.034134
1516125 61827.034583
1516128 61827.035981
1516129 61827.03643
1516130 61827.036879
1516131 61827.03733
1516132 61827.037779
1516133 61827.038228
1516134 61827.038677
1516135 61827.03915
1516136 61827.039599
1516257 61827.097544
1516258 61827.097994
1518647 61830.059653
1518648 61830.060133
1518649 61830.060582
1518650 61830.061031
1518651 61830.06148
1518652 61830.061928
1518653 61830.062377
1518654 61830.062826
1518655 61830.063277
1518656 61830.06373
1518657 61830.064177
1518658 61830.064623
1518706 61830.086523
1518707 61830.086972
1518708 61830.087421
1518709 61830.087868
1518716 61830.09124
1539171 61855.021843
1539172 61855.022289
1640279 62030.247419
1641133 62031.207795
1641181 62031.229002
1641182 62031.229449
1641183 62031.229896
1641185 62031.230791
1641186 62031.231238
1641187 62031.231685
1641188 62031.232132
1641189 62031.232583
1641190 62031.233052
1641191 62031.233499
1641206 62031.240257
1641207 62031.240706
1641208 62031.241155
1641209 62031.241604
1641210 62031.242053
1641211 62031.242501
1641212 62031.24295
1641213 62031.243399
1641214 62031.243848
1641219 62031.246105
1641220 62031.246554
1641221 62031.247004
1641222 62031.247457
1641285 62031.275891
1641286 62031.27634
1641287 62031.276792
1641288 62031.277241
1641290 62031.278144
1641291 62031.278597
1641292 62031.279046
1641293 62031.279495
1641294 62031.279946
1641347 62031.304139
1641359 62031.310444
1641360 62031.311118
1641485 62031.368142
1641495 62031.373919
1641498 62031.37533
1642074 62032.209742
1642094 62032.218106
1642133 62032.236754
1642134 62032.237202
1642136 62032.238101
1642137 62032.238553
1642138 62032.238999
1642139 62032.239448
1642140 62032.239895
1642141 62032.240344
1642143 62032.241253
1642144 62032.241702
1642145 62032.242151
1642146 62032.2426
1642147 62032.243047
1642148 62032.243498
1642149 62032.243946
1642150 62032.244395
1642151 62032.244841
1642152 62032.245307
1642153 62032.245757
1642154 62032.246212
1642164 62032.250691
1642165 62032.251139
1642167 62032.252045
1642176 62032.256441
1642177 62032.256886
1642178 62032.257337
1642179 62032.257788
1642180 62032.258237
1642181 62032.258683
1642198 62032.266645
1642200 62032.267611
1642206 62032.273007
1643836 62034.217186
1643838 62034.218081
1643839 62034.218528
1643840 62034.218976
1643841 62034.219423
1643842 62034.219884
1643843 62034.220352
1643845 62034.221257
1664030 62059.151567
1664050 62059.159931
1664374 62059.308841
1664375 62059.309307
1664376 62059.309876
1664377 62059.310374
1664378 62059.310846
1664404 62059.32263
1664405 62059.32308
1664858 62060.290098
1664862 62060.292054
1664863 62060.292567
1664865 62060.29354
1664866 62060.29399
1664867 62060.294513
1664868 62060.295033
1664870 62060.29594
1664871 62060.296389
1664875 62060.298217
1664876 62060.298667
1664877 62060.299118
1664878 62060.299686
1664880 62060.300608
1664891 62060.305656
1664936 62060.326814
1664937 62060.32745
1664938 62060.328042
1664939 62060.328719
1664940 62060.329178
1664941 62060.329627
1664942 62060.330306
1681466 62089.060601
1681467 62089.061048
1681468 62089.061497
1681473 62089.06374
1681474 62089.064186
1681475 62089.064642
1681496 62089.074135
1681497 62089.074584
1681498 62089.075035
1681499 62089.075484
1681500 62089.07593
1681501 62089.076376
1681502 62089.076855
1681523 62089.085667
1681524 62089.086114
1681598 62089.119349
1681606 62089.122932
1681607 62089.12338
1681608 62089.123828
1681609 62089.124277
1681610 62089.124725
1681734 62089.181315
1681735 62089.181855
1681736 62089.182316
1681737 62089.182837
1681738 62089.183378
1681739 62089.183844
1681740 62089.184292
1681741 62089.184741
1681742 62089.18519
1681744 62089.186087
1681746 62089.186992
1681747 62089.18744
1681748 62089.187888
1681749 62089.188344
1681750 62089.188801
1681751 62089.189249
1681755 62089.191042
1681756 62089.191491
1681757 62089.191981
1681758 62089.192438
1681759 62089.192898
1681760 62089.19335
1681761 62089.193799
1681762 62089.194248
1681791 62089.207286
1681792 62089.207735
1681793 62089.208184
1681981 62089.294763
1681982 62089.295478
1681983 62089.295927
1681989 62089.298641
1682421 62090.14687
1682422 62090.147318
1682423 62090.147767
1682426 62090.149155
1682427 62090.149604
1682428 62090.150052
1682429 62090.150501
1682430 62090.15095
1682521 62090.191991
1682522 62090.19244
1682545 62090.202912
1682556 62090.207938
1682557 62090.208409
1682558 62090.208922
1682559 62090.20938
1682560 62090.209853
1682562 62090.210837
1682584 62090.220941
1682585 62090.221393
1682592 62090.22457
1682593 62090.225045
1682594 62090.225529
1682595 62090.226176
1682596 62090.226852
1682597 62090.227545
1682598 62090.228134
1682600 62090.229111
1682601 62090.229609
1683148 62091.135747
1683154 62091.138624
1683155 62091.139106
1683158 62091.14099
1683159 62091.14177
1683160 62091.142219
1700648 62118.146594
1700650 62118.147857
1700651 62118.148326
1700652 62118.148781
1700668 62118.156288
1700682 62118.162733
1701203 62119.074762
1701204 62119.075236
1701205 62119.075685
1701206 62119.076133
1701207 62119.076605
1701261 62119.103094
1701345 62119.141166
1701346 62119.141657
1701352 62119.144491
1701353 62119.144966
1701354 62119.145416
1701370 62119.152752
1701450 62119.190371
1701451 62119.19082
1701454 62119.192183
1701455 62119.192632
1701915 62120.079607
1702043 62120.142245
1702045 62120.143175
1702046 62120.143625
1702047 62120.144076
1702048 62120.144583
1702049 62120.145051
1702050 62120.14551
1702051 62120.146105
1702052 62120.146581
1702053 62120.147051
1702054 62120.147501
1702056 62120.148417
1702057 62120.148867
1702058 62120.149398
1702061 62120.150789
1702062 62120.151257
1702065 62120.152753
1702066 62120.153202
1702067 62120.15366
1702068 62120.154216
1702069 62120.154665
1702070 62120.155114
1702073 62120.156735
1702102 62120.171234
1702103 62120.171885
1702104 62120.172486
1702105 62120.17295
1702106 62120.173434
1702107 62120.173917
1702108 62120.174455
1702109 62120.174916
1702110 62120.175453
1702111 62120.175903
1702149 62120.197023
1702151 62120.19803
1703274 62122.076774
1703275 62122.07724
1703276 62122.077698
1722358 62150.077874
1722359 62150.078328
1723042 62151.070669
1723043 62151.071119
1723044 62151.071578
1723045 62151.072055
1723056 62151.077043
1723057 62151.077496
1723058 62151.077954
1723060 62151.078912
1723061 62151.079371
1723062 62151.079846
1723063 62151.080377
1723064 62151.080828
1723065 62151.081288
1723118 62151.105205
1723119 62151.105652
1723120 62151.106102
1723121 62151.106553
1723122 62151.107015
1723123 62151.107463
1723124 62151.107919
1723125 62151.10839
1723126 62151.108839
1723127 62151.109288
1723136 62151.113342
1723137 62151.113791
1723138 62151.11424
1723139 62151.114689
1723140 62151.115138
1723141 62151.115596
1723142 62151.116045
1723144 62151.117054
1723147 62151.118426
1723162 62151.125181
1723163 62151.12563
1723164 62151.126079
1724575 62153.114254
1724576 62153.114719
1724577 62153.115167
1724578 62153.115626
1725214 62154.063075
1725216 62154.063982
1725217 62154.064432
1725218 62154.064882
1725220 62154.065804
1725221 62154.066254
1725266 62154.087003
1725267 62154.087452
1725268 62154.087901
1725269 62154.088448
1725277 62154.093157
1725279 62154.094484
1746997 62183.04135
1746998 62183.041799
1746999 62183.042248
1747000 62183.042696
1747006 62183.045389
1747007 62183.045838
1747008 62183.046287
1747009 62183.046736
1747010 62183.047185
1747011 62183.047634
1747012 62183.048083
1747013 62183.048532
1747041 62183.061175
1747042 62183.061623
1747043 62183.062079
1747044 62183.062528
1747046 62183.063448
1747058 62183.068936
1747059 62183.069386
1747060 62183.069835
1747061 62183.070284
1747062 62183.07073
1747063 62183.071177
1747064 62183.071626
1747065 62183.072073
1747066 62183.07252
1747067 62183.072969
1747068 62183.073418
1747069 62183.073865
1747070 62183.074314
1747071 62183.074761
1747072 62183.075209
1747073 62183.075657
1747076 62183.077001
1747077 62183.077451
1747078 62183.0779
1747101 62183.088379
1747102 62183.088828
1747103 62183.089277
1747104 62183.089726
1747134 62183.103603
1747135 62183.104052
1747136 62183.104501
1747137 62183.10495
1747156 62183.113501
1747157 62183.11395
1747158 62183.114399
1748736 62185.076974
1748761 62185.089789
1748762 62185.090324
1765900 62206.02317
1765903 62206.024674
1765904 62206.025124
1765905 62206.025573
1765909 62206.027566
1765968 62206.058217
1765969 62206.05868
1765970 62206.059129
1765971 62206.059578
1765972 62206.060051
1765986 62206.066427
1765987 62206.066906
1770285 62211.039435
1770286 62211.039884
1770287 62211.040333
1770288 62211.040778
1770289 62211.041233
1770290 62211.041682
1770291 62211.042128
1770292 62211.042676
1770293 62211.043123
1770294 62211.043571
1770295 62211.044017
1770297 62211.044909
1771120 62212.021556
1771121 62212.022002
1771122 62212.022451
1771123 62212.022896
1771124 62212.023373
1771125 62212.02382
1771126 62212.024268
1771127 62212.024716
1771128 62212.025162
1771129 62212.02561
1771130 62212.026055
1771131 62212.026503
1771132 62212.026956
1771168 62212.044064
1771169 62212.044514
1771170 62212.044962
1882602 62357.320008
1882603 62357.320456
1882604 62357.320904
1882605 62357.321351
1882611 62357.324119
1882612 62357.324566
1882619 62357.3277
1882620 62357.328147
1882621 62357.328594
1882622 62357.329046
1882623 62357.329492
1882624 62357.329939
1882625 62357.330386
1882628 62357.331734
1882629 62357.33218
1882630 62357.332631
1882663 62357.347448
1882703 62357.367491
1882704 62357.367951
1882705 62357.3684
1882706 62357.368848
1903011 62385.231033
1903033 62385.240898
1903034 62385.241351
1903035 62385.241802
1903036 62385.242249
1903038 62385.243146
1903039 62385.243593
1903040 62385.244043
1903041 62385.244489
1903078 62385.261456
1903079 62385.261915
1903080 62385.262362
1903081 62385.262808
1903082 62385.263257
1903083 62385.263703
1903084 62385.264149
1903085 62385.264598
1903086 62385.265044
1903087 62385.265498
1903088 62385.265995
1903116 62385.277946
1903117 62385.278393
1903118 62385.27884
1903119 62385.279289
1903120 62385.279735
1903121 62385.280182
1903302 62385.362837
1903314 62385.368257
1903315 62385.368706
1903316 62385.369155
1903317 62385.369603
1903318 62385.370117
1903319 62385.370566
1903320 62385.371015
1903321 62385.371464
1903329 62385.375139
1903330 62385.375587
1903331 62385.376036
1903332 62385.376502
1903333 62385.376951
1903334 62385.3774
1903335 62385.377853
1903336 62385.37831
1903337 62385.378758
1903338 62385.379206
1903343 62385.381542
1903344 62385.381991
1903346 62385.382905
1903347 62385.383354
1903354 62385.386504
1903355 62385.386953
1903356 62385.387403
1903357 62385.38792
1903358 62385.38837
1903374 62385.395608
1903996 62386.239646
1904017 62386.248462
1904018 62386.248909
1904019 62386.249356
1904020 62386.249805
1904021 62386.250262
1904022 62386.250709
1904023 62386.251157
1904024 62386.251604
1904025 62386.252052
1904026 62386.252499
1904027 62386.252949
1904028 62386.253401
1904029 62386.253882
1904039 62386.25839
1904040 62386.258842
1904041 62386.259388
1904042 62386.259864
1904064 62386.270262
1904065 62386.270714
1904066 62386.271252
1904081 62386.278974
1904082 62386.279522
1904946 62387.249469
1923757 62415.16054
1923888 62415.218897
1923889 62415.219344
1923890 62415.219792
1923896 62415.222484
1923936 62415.240554
1923937 62415.241003
1923938 62415.241456
1923939 62415.241905
1923940 62415.242354
1923941 62415.242825
1923942 62415.243274
1923962 62415.252266
1923963 62415.252715
1923964 62415.253164
1923965 62415.253613
1923966 62415.254078
1924190 62415.355112
1924191 62415.355565
1924211 62415.364573
1924212 62415.365056
1924213 62415.365506
1924217 62415.367323
1924218 62415.367773
1924219 62415.368223
1924220 62415.368684
1924221 62415.369134
1924222 62415.369584
1924223 62415.37004
1924224 62415.370494
1924225 62415.370941
1924226 62415.37141
1924227 62415.371876
1924229 62415.372993
1924230 62415.373727
1924231 62415.374184
1924232 62415.374667
1926323 62418.165781
1926324 62418.166228
1926326 62418.167124
1926327 62418.167571
1926328 62418.168018
1926329 62418.168465
1926330 62418.168912
1926331 62418.169364
1926332 62418.169811
1926333 62418.170257
1926334 62418.170704
1926335 62418.171151
1926336 62418.1716
1926337 62418.172047
1926338 62418.172493
1926339 62418.17294
1926340 62418.173391
1926341 62418.173837
1926342 62418.174283
1926343 62418.17473
1926344 62418.17518
1926345 62418.175626
1926346 62418.176075
1926347 62418.17652
1926348 62418.176967
1926349 62418.177415
1927135 62419.16382
1927136 62419.164268
1927137 62419.164717
1927138 62419.165166
1927139 62419.165616
1927140 62419.166065
1927141 62419.166513
1927164 62419.176819
1927165 62419.177279
1927167 62419.178207
1927168 62419.178719
1927169 62419.179165
1927170 62419.179616
1927171 62419.180068
1927200 62419.194135
1927201 62419.194586
1927202 62419.195032
1927203 62419.195484
1927204 62419.195931
1927205 62419.19638
1927206 62419.196827
1927207 62419.197276
1927208 62419.197725
1927209 62419.198172
1927210 62419.198651
1927216 62419.201336
1927229 62419.208039
1927230 62419.208485
1927231 62419.208931
1927232 62419.20938
1927298 62419.23904
1927314 62419.246212
1927316 62419.247118
1957583 62473.058841
1957796 62473.155078
1957799 62473.156434
1957800 62473.15689
1957820 62473.165911
1958293 62474.05082
1958516 62474.152381
1958517 62474.152981
1958518 62474.153442
1958519 62474.153934
1958520 62474.154386
1958521 62474.154844
1958523 62474.155761
1958524 62474.156219
1958525 62474.156712
1958526 62474.15717
1958527 62474.157628
1958528 62474.158113
1958529 62474.158571
1958530 62474.159035
1958531 62474.159485
1958532 62474.159934
1958544 62474.165342
1958545 62474.165845
1958546 62474.166391
1958547 62474.166848
1958548 62474.167309
1959369 62476.0606
1959370 62476.061048
1959371 62476.061497
1959372 62476.061945
1959374 62476.062841
1959376 62476.063737
1959385 62476.068058
1959386 62476.068505
1959387 62476.068954
1959388 62476.0694
1959391 62476.070742
1959392 62476.071191
1959393 62476.07164
1959394 62476.072089
1959395 62476.072538
1959396 62476.072986
1959397 62476.073435
1959398 62476.073883
1959401 62476.075339
1959402 62476.075788
1959535 62476.139324
1959536 62476.13978
1959537 62476.140236
1959538 62476.140713
1959539 62476.141165
1959542 62476.142779
1959543 62476.143379
1977343 62502.077127
1977367 62502.087343
1977371 62502.089318
1977431 62502.116737
1977432 62502.117187
1977433 62502.117637
1977434 62502.118088
1977435 62502.118545
1977436 62502.118994
1977439 62502.120347
1977440 62502.120795
1977441 62502.121244
1977442 62502.121696
1977443 62502.122169
1977444 62502.122625
1977445 62502.123086
1977446 62502.123553
1977447 62502.124009
1977448 62502.124459
1977449 62502.124956
1977450 62502.125406
1977451 62502.125856
1977458 62502.129022
1977459 62502.129472
1977460 62502.129922
1977461 62502.130372
1977463 62502.131309
1977465 62502.132217
1977497 62502.146636
1978758 62504.076453
1978759 62504.076901
1980148 62506.07105
1980180 62506.085572
1980181 62506.086022
1980183 62506.086929
1980184 62506.087382
1980185 62506.08784
1980186 62506.088345
1980202 62506.095688
1980203 62506.096138
1980204 62506.096654
1980345 62506.161439
1980346 62506.161888
1980354 62506.165511
1980355 62506.16596
1980356 62506.166408
1980357 62506.166857
1980358 62506.167306
1980359 62506.167764
1980360 62506.168213
1980361 62506.168662
1980362 62506.169134
1980363 62506.169583
1980372 62506.173996
1980373 62506.174445
2003478 62538.074478
2003479 62538.074926
2003480 62538.075374
2003481 62538.075822
2003482 62538.076271
2003483 62538.076719
2003484 62538.077167
2003485 62538.077615
2003486 62538.078063
2003487 62538.078511
2003488 62538.07896
2003489 62538.079407
2003491 62538.080312
2003492 62538.080761
2003493 62538.081209
2003494 62538.081658
2003495 62538.082107
2003496 62538.082556
2003497 62538.083003
2022399 62562.091342
2022418 62562.100124
2022419 62562.100569
2022420 62562.101015
2022421 62562.101464
2023133 62563.029505
2023138 62563.031741
2023139 62563.03219
2023140 62563.032639
2023141 62563.033088
2023142 62563.033537
2023143 62563.033985
2023147 62563.035774
2023153 62563.038457
2023163 62563.042943
2023164 62563.043392
2024002 62564.029657
2024003 62564.030104
2024004 62564.030553
2024005 62564.030999
2024006 62564.031453
2024007 62564.031902
2024008 62564.032351
2024009 62564.0328
2024010 62564.033249
2024011 62564.033698
2024012 62564.034153
2024013 62564.034601
2024014 62564.03505
2024015 62564.035499
2024016 62564.035952
2024017 62564.036399
2024019 62564.037293
2024020 62564.037739
2024021 62564.038187
2024022 62564.038636
2024023 62564.039085
2024024 62564.039534
2024025 62564.039983
2024026 62564.040432
2024027 62564.040889
2024028 62564.041338
2024029 62564.041793
2024030 62564.042242
2024031 62564.042693
2024032 62564.043141
2024035 62564.044484
2024036 62564.044933
2024069 62564.059757
2024070 62564.060202
2024071 62564.060651
2024072 62564.061097
2024073 62564.06157
2024084 62564.06656
2024085 62564.067047
2024086 62564.067493
2024087 62564.067947
2024088 62564.068392
2024090 62564.069287
2024091 62564.069733
2024092 62564.070182
2024103 62564.075168
2024104 62564.075615
2025709 62566.033697
2025710 62566.034147
2025711 62566.034596
2025712 62566.035048
2025713 62566.035497
2025714 62566.035945
2025715 62566.036393
2025716 62566.03684
2025717 62566.037289
2025718 62566.037738
2025719 62566.038184
2025720 62566.03863
2025721 62566.039077
2025722 62566.039524
2025739 62566.047408
2025740 62566.047857
2025741 62566.048306
2025742 62566.048755
2025743 62566.049218
2025744 62566.049675
2025745 62566.050124
2025746 62566.05058
2121093 62711.349045
2138504 62738.307278
2138505 62738.307725
2138506 62738.308171
2138507 62738.308618
2138508 62738.309067
2138516 62738.312662
2138517 62738.313111
2138518 62738.31356
2138519 62738.314007
2138520 62738.314453
2138521 62738.3149
2138522 62738.315348
2138523 62738.315795
2138524 62738.316242
2138525 62738.316704
2138526 62738.317153
2138527 62738.317598
2138528 62738.318049
2138529 62738.318537
2138530 62738.318985
2138531 62738.319434
2138534 62738.320781
2138626 62738.363295
2138627 62738.363746
2138628 62738.364208
2138629 62738.364753
2138630 62738.365202
2138631 62738.365651
2138632 62738.3661
2138633 62738.366549
2138634 62738.366998
2138636 62738.367902
2138637 62738.36835
2138638 62738.368799
2138639 62738.369247
2138640 62738.369696
2138641 62738.370145
2138642 62738.37061
2138643 62738.371058
2138644 62738.371507
2138645 62738.371955
2138656 62738.376926
2138658 62738.37783
2138659 62738.378278
2138708 62738.402373
2141286 62741.242863
2141288 62741.243759
2141360 62741.277499
2141363 62741.278852
2141364 62741.2793
2141365 62741.279747
2141404 62741.298768
2141405 62741.299279
2163829 62769.234175
2163864 62769.249328
2163865 62769.249777
2163866 62769.250225
2163867 62769.250674
2163868 62769.251122
2163869 62769.251571
2163870 62769.252017
2163875 62769.254253
2163876 62769.254701
2163877 62769.255149
2163878 62769.255597
2163886 62769.259214
2163907 62769.268625
2163908 62769.269073
2163909 62769.269522
2163922 62769.275344
2163923 62769.275793
2163924 62769.276242
2163925 62769.276691
2163926 62769.27714
2163927 62769.277589
2163928 62769.278037
2163931 62769.27945
2163932 62769.279899
2163933 62769.280348
2163934 62769.280797
2163935 62769.281246
2163936 62769.281695
2163937 62769.282144
2163948 62769.287074
2163949 62769.287523
2163950 62769.287971
2163951 62769.28842
2163952 62769.288869
2163953 62769.289324
2163954 62769.289773
2163955 62769.290221
2163956 62769.290677
2163957 62769.291125
2163969 62769.296519
2163970 62769.296968
2164030 62769.323924
2164031 62769.324373
2164032 62769.324822
2164050 62769.332939
2164055 62769.33531
2164056 62769.335766
2164057 62769.336275
2164058 62769.336773
2164100 62769.358031
2164651 62770.189142
2164723 62770.221454
2164724 62770.221904
2164725 62770.222353
2164752 62770.234693
2164754 62770.235616
2164757 62770.237239
2164758 62770.237688
2164759 62770.238137
2164760 62770.238584
2164761 62770.23903
2164762 62770.23948
2164763 62770.239952
2164764 62770.240441
2164765 62770.240889
2164774 62770.244971
2167572 62774.155859
2167574 62774.156755
2167604 62774.172964
2167606 62774.173863
2167607 62774.174314
2167608 62774.174761
2167609 62774.17521
2167610 62774.175657
2185173 62799.110225
2185231 62799.135636
2185232 62799.136083
2185233 62799.136529
2185234 62799.136978
2185235 62799.137424
2185236 62799.137871
2185237 62799.138318
2185238 62799.138766
2185272 62799.154065
2185273 62799.154512
2185274 62799.15496
2185275 62799.155407
2185276 62799.155853
2185277 62799.156302
2185280 62799.157644
2185281 62799.15809
2185282 62799.158539
2185283 62799.158989
2185284 62799.159437
2185292 62799.163135
2185293 62799.163593
2185294 62799.164042
2185295 62799.16449
2185296 62799.164939
2185297 62799.165387
2185298 62799.165833
2185300 62799.166728
2185301 62799.167175
2185302 62799.167622
2185303 62799.168071
2185304 62799.168519
2185305 62799.168975
2185306 62799.169433
2185307 62799.169879
2185379 62799.202198
2185427 62799.223732
2185428 62799.224188
2185429 62799.224636
2185430 62799.225085
2185454 62799.235864
2185465 62799.240807
2185466 62799.241256
2185467 62799.241749
2185470 62799.24327
2185472 62799.244166
2185473 62799.244614
2185498 62799.255852
2186004 62800.119864
2186005 62800.120312
2186006 62800.120759
2186008 62800.121656
2186009 62800.122103
2186010 62800.12255
2186011 62800.122996
2186012 62800.123447
2186013 62800.123893
2186014 62800.12434
2186015 62800.124788
2186016 62800.125237
2186017 62800.125684
2186018 62800.12613
2186019 62800.126576
2186020 62800.127025
2186021 62800.127471
2186065 62800.1472
2186066 62800.14765
2186067 62800.148099
2186068 62800.148547
2186069 62800.148993
2186070 62800.149441
2186071 62800.149887
2186072 62800.150333
2186073 62800.150782
2186074 62800.151227
2186075 62800.151675
2186076 62800.152124
2186077 62800.152573
2186078 62800.153022
2186079 62800.153486
2186080 62800.153942
2186081 62800.154391
2186082 62800.15484
2186088 62800.157521
2186089 62800.157975
2186090 62800.158423
2186102 62800.164504
2186103 62800.164976
2186104 62800.165422
2186106 62800.166319
2186107 62800.166767
2186108 62800.167216
2186112 62800.16904
2186115 62800.170591
2186116 62800.171055
2198421 62827.071148
2201330 62831.079573
2201344 62831.086652
2201346 62831.087658
2201370 62831.101712
2202404 62833.081532
2215961 62858.118716
2215970 62858.122799
2215971 62858.123254
2215993 62858.133124
2215994 62858.133574
2215995 62858.134031
2215996 62858.134481
2215997 62858.134931
2215998 62858.135382
2216014 62858.14257
2216015 62858.14302
2216016 62858.14347
2216017 62858.143922
2216018 62858.144398
2216019 62858.144854
2216020 62858.145304
2216021 62858.145754
2216022 62858.146204
2216038 62858.153396
2216039 62858.153846
2216628 62859.093919
2216640 62859.099551
2216641 62859.10012
2216643 62859.10104
2216686 62859.121393
2216687 62859.121842
2216688 62859.122291
2216689 62859.122751
2216690 62859.123218
2216691 62859.123666
2216693 62859.124687
2216714 62859.133511
2216715 62859.133959
2216741 62859.146389
2216742 62859.146839
2216743 62859.147299
2216744 62859.147749
2216745 62859.148284
2216746 62859.148733
2216747 62859.149183
2216748 62859.149666
2217337 62860.106194
2217338 62860.106644
2217339 62860.107361
2217340 62860.108038
2217341 62860.10875
2217342 62860.109211
2217343 62860.10966
2217513 62860.193549
2217514 62860.194233
2233808 62889.059871
2233809 62889.060319
2233810 62889.060768
2233817 62889.063935
2233818 62889.064384
2233819 62889.064832
2233820 62889.065281
2233821 62889.06573
2233822 62889.066179
2233823 62889.066666
2233824 62889.067127
2233825 62889.067616
2233826 62889.068085
2233827 62889.068534
2233828 62889.068984
2233829 62889.069439
2233830 62889.069889
2233848 62889.078007
2233849 62889.078456
2233852 62889.079826
2235616 62891.20432
2248336 62918.039271
2248337 62918.039732
2248338 62918.040181
2248339 62918.040629
2248343 62918.042431
2248344 62918.042879
2248345 62918.043328
2248346 62918.04378
2248347 62918.044228
2248349 62918.045125
2248351 62918.046021
2248352 62918.04647
2248353 62918.046918
2248354 62918.047366
2248362 62918.051115
2248363 62918.051564
2248364 62918.052013
2248365 62918.052462
2248366 62918.052911
2248367 62918.05336
2248368 62918.053808
2248373 62918.056042
2248411 62918.0731
2248412 62918.073549
2248414 62918.074486
2248415 62918.074965
2248422 62918.078106
2248482 62918.106077
2249175 62919.047426
2249176 62919.047874
2249179 62919.049217
2249180 62919.049663
2249181 62919.050112
2249182 62919.050564
2249183 62919.051013
2249207 62919.062776
2268914 62946.019722
2268915 62946.020169
2268916 62946.020617
2268917 62946.021064
2268918 62946.021514
2268919 62946.021963
2268924 62946.024196
2268925 62946.024644
2269832 62947.013318
2269833 62947.013765
2269834 62947.014213
2269835 62947.014659
2269837 62947.015553
2269838 62947.015999
2269839 62947.016448
2269840 62947.016897
2269841 62947.017347
2269842 62947.017796
2269843 62947.018245
2269853 62947.022767
2269854 62947.023216
2269855 62947.023668
2269856 62947.02415
2269863 62947.0273
2269864 62947.027749
2270763 62948.017473
2347647 63070.353913
2347648 63070.35436
2347649 63070.354809
2347689 63070.372803
2347693 63070.374593
2347694 63070.37504
2347695 63070.375487
2347696 63070.375935
2347774 63070.411707
2347775 63070.412154
2347776 63070.412601
2347777 63070.413049
2347778 63070.413496
2347808 63070.427586
2362594 63092.310095
2362595 63092.310542
2362608 63092.316389
2362610 63092.317289
2362611 63092.317736
2362612 63092.318183
2362613 63092.318638
2362614 63092.319084
2362617 63092.320446
2362618 63092.320892
2362619 63092.321339
2362620 63092.321791
2362621 63092.322305
2362622 63092.322751
2362623 63092.3232
2362624 63092.323646
2382255 63124.337229
2382256 63124.337678
2382258 63124.338575
2382259 63124.339024
2382308 63124.365148
2382310 63124.366099
2382318 63124.369752
2382319 63124.370209
2382320 63124.370675
2382321 63124.371133
2382322 63124.371589
2382323 63124.372046
2382324 63124.372503
2382917 63125.2227
2383866 63126.240906
2383867 63126.241353
2383868 63126.2418
2383869 63126.242249
2383870 63126.242695
2383871 63126.243142
2383872 63126.243589
2383873 63126.244041
2383874 63126.244488
2383875 63126.244934
2383876 63126.245382
2383877 63126.245831
2383884 63126.248985
2383886 63126.249893
2383887 63126.250342
2383888 63126.250788
2383889 63126.251235
2383890 63126.251682
2383891 63126.252134
2383892 63126.25258
2383893 63126.253026
2383894 63126.253474
2383895 63126.253923
2383896 63126.25437
2383897 63126.254816
2383898 63126.255262
2383899 63126.25571
2383900 63126.256157
2383901 63126.256603
2383902 63126.257059
2383903 63126.257507
2383904 63126.257965
2383905 63126.258424
2383906 63126.258873
2383907 63126.259322
2383908 63126.25977
2383909 63126.260217
2383910 63126.260662
2383911 63126.261111
2383912 63126.261557
2383913 63126.262009
2383939 63126.273651
2383940 63126.274096
2383941 63126.274544
2383942 63126.274993
2383945 63126.27633
2383946 63126.276777
2383947 63126.277226
2383951 63126.279015
2383956 63126.28125
2383957 63126.281699
2383958 63126.282148
2383959 63126.282597
2383960 63126.283046
2383961 63126.283501
2383962 63126.28395
2383987 63126.295186
2383988 63126.295636
2383989 63126.296084
2384011 63126.306163
2384012 63126.3067
2384013 63126.307149
2384037 63126.317987
2384166 63126.379961
2384167 63126.380451
2384725 63129.220249
2384726 63129.220696
2384727 63129.221144
2384728 63129.22159
2384729 63129.222038
2384730 63129.222488
2384731 63129.222934
2384732 63129.22338
2384733 63129.22383
2384734 63129.224342
2384735 63129.224789
2384758 63129.235117
2384767 63129.239628
2384769 63129.24064
2384770 63129.241086
2384771 63129.241534
2384772 63129.241981
2384773 63129.242429
2384774 63129.242878
2384775 63129.243326
2384779 63129.245114
2384788 63129.249673
2384789 63129.250122
2384790 63129.250569
2384933 63129.316755
2384934 63129.317223
2384935 63129.317729
2400857 63153.174075
2400877 63153.182438
2400916 63153.200106
2400917 63153.200554
2400925 63153.204144
2400926 63153.204592
2400927 63153.20504
2400928 63153.205486
2400934 63153.208173
2400935 63153.208619
2400936 63153.209068
2400976 63153.227607
2400989 63153.233459
2400990 63153.233922
2401580 63154.117055
2401647 63154.14646
2401648 63154.146907
2401649 63154.147355
2401650 63154.147802
2401651 63154.14825
2401652 63154.148697
2401653 63154.149144
2401654 63154.149591
2401655 63154.150039
2401656 63154.150486
2401657 63154.150932
2401658 63154.151383
2401659 63154.15183
2401660 63154.152276
2401661 63154.152723
2401662 63154.153172
2401663 63154.153619
2401664 63154.154064
2401665 63154.154532
2401666 63154.154994
2401667 63154.155439
2401668 63154.155887
2401669 63154.156332
2401691 63154.166316
2401692 63154.166765
2401693 63154.167215
2401694 63154.167661
2401695 63154.16811
2401696 63154.168556
2401697 63154.169004
2401698 63154.169499
2401699 63154.170008
2401722 63154.181151
2401723 63154.181602
2401724 63154.182115
2401725 63154.182562
2401732 63154.185906
2401733 63154.186384
2401734 63154.186835
2401735 63154.1876
2401737 63154.188926
2401738 63154.189405
2402419 63155.135626
2402440 63155.144442
2402441 63155.144928
2402442 63155.145405
2402443 63155.145851
2402454 63155.151628
2402455 63155.152078
2419957 63186.047618
2419959 63186.048518
2419960 63186.048969
2419961 63186.049416
2419991 63186.062369
2419992 63186.062817
2419993 63186.063264
2419994 63186.063717
2419995 63186.064174
2419996 63186.064677
2419997 63186.065123
2419998 63186.065572
2419999 63186.066018
2420160 63186.141483
2420161 63186.141931
2420298 63186.203618
2420767 63187.068429
2420794 63187.081049
2420795 63187.081497
2420796 63187.081946
2420797 63187.082394
2420798 63187.082845
2420799 63187.083291
2420800 63187.083739
2420801 63187.084185
2420802 63187.084634
2420803 63187.08508
2420806 63187.086423
2420807 63187.086903
2420808 63187.087355
2420809 63187.087834
2420810 63187.088284
2420811 63187.088764
2420817 63187.091539
2420818 63187.092018
2420819 63187.092469
2420820 63187.092982
2420842 63187.103467
2420843 63187.103916
2420844 63187.104362
2420846 63187.105256
2420848 63187.106152
2420849 63187.1066
2420850 63187.107049
2420851 63187.107496
2421517 63188.082322
2421519 63188.083253
2421521 63188.084157
2421573 63188.110323
2421575 63188.111491
