obsHistID expMJD
260 59580.154787
261 59580.155204
262 59580.15562
263 59580.156037
264 59580.156454
265 59580.15687
266 59580.157287
267 59580.157704
268 59580.15812
269 59580.158537
270 59580.158954
271 59580.15937
272 59580.159787
273 59580.160204
274 59580.16062
275 59580.161037
276 59580.161454
277 59580.16187
278 59580.162287
279 59580.162704
185625 59825.271275
185626 59825.271692
185627 59825.272108
185628 59825.272525
185629 59825.272942
185630 59825.273358
185631 59825.273775
185632 59825.274192
185633 59825.274608
185634 59825.275025
185635 59825.275442
185636 59825.275858
185637 59825.276275
185638 59825.276692
185639 59825.277108
185640 59825.277525
185641 59825.277942
185642 59825.278358
185643 59825.278775
185644 59825.279192
192925 59839.227316
192926 59839.227733
192927 59839.228149
192928 59839.228566
192929 59839.228983
192930 59839.229399
192931 59839.229816
192932 59839.230233
192933 59839.230649
192934 59839.231066
192935 59839.231483
192936 59839.231899
192937 59839.232316
192938 59839.232733
192939 59839.233149
192940 59839.233566
192941 59839.233983
192942 59839.234399
192943 59839.234816
192944 59839.235233
195559 59842.210044
195560 59842.21046
195561 59842.210877
195562 59842.211294
195563 59842.21171
195564 59842.212127
195565 59842.212544
195566 59842.21296
195567 59842.213377
195568 59842.213794
195569 59842.21421
195570 59842.214627
195571 59842.215044
195572 59842.21546
195573 59842.215877
195574 59842.216294
195575 59842.21671
195576 59842.217127
195577 59842.217544
195578 59842.21796
202470 59854.220194
202471 59854.220611
202472 59854.221028
202473 59854.221444
202474 59854.221861
202475 59854.222278
202476 59854.222694
202477 59854.223111
202478 59854.223528
202479 59854.223944
202480 59854.224361
202481 59854.224778
202482 59854.225194
202483 59854.225611
202484 59854.226028
202485 59854.226444
202486 59854.226861
202487 59854.227278
202488 59854.227694
202489 59854.228111
204417 59857.199225
204418 59857.199642
204419 59857.200059
204420 59857.200475
204421 59857.200892
204422 59857.201309
204423 59857.201725
204424 59857.202142
204425 59857.202559
204426 59857.202975
204427 59857.203392
204428 59857.203809
204429 59857.204225
204430 59857.204642
204431 59857.205059
204432 59857.205475
204433 59857.205892
204434 59857.206309
204435 59857.206725
204436 59857.207142
211980 59867.171289
211981 59867.171706
211982 59867.172122
211983 59867.172539
211984 59867.172956
211985 59867.173372
211986 59867.173789
211987 59867.174206
211988 59867.174622
211989 59867.175039
211990 59867.175456
211991 59867.175872
211992 59867.176289
211993 59867.176706
211994 59867.177122
211995 59867.177539
211996 59867.177956
211997 59867.178372
211998 59867.178789
211999 59867.179206
214345 59870.163338
214346 59870.163755
214347 59870.164172
214348 59870.164588
214349 59870.165005
214350 59870.165422
214351 59870.165838
214352 59870.166255
214353 59870.166672
214354 59870.167088
214355 59870.167505
214356 59870.167922
214357 59870.168338
214358 59870.168755
214359 59870.169172
214360 59870.169588
214361 59870.170005
214362 59870.170422
214363 59870.170838
214364 59870.171255
216778 59873.155517
216779 59873.155933
216780 59873.15635
216781 59873.156767
216782 59873.157183
216783 59873.1576
216784 59873.158017
216785 59873.158433
216786 59873.15885
216787 59873.159267
216788 59873.159683
216789 59873.1601
216790 59873.160517
216791 59873.160933
216792 59873.16135
216793 59873.161767
216794 59873.162183
216795 59873.1626
216796 59873.163017
216797 59873.163433
225487 59884.140458
225488 59884.140875
225489 59884.141292
225490 59884.141708
225491 59884.142125
225492 59884.142542
225493 59884.142958
225494 59884.143375
225495 59884.143792
225496 59884.144208
225497 59884.144625
225498 59884.145042
225499 59884.145458
225500 59884.145875
225501 59884.146292
225502 59884.146708
225503 59884.147125
225504 59884.147542
225505 59884.147958
225506 59884.148375
227745 59887.106372
227746 59887.106789
227747 59887.107205
227748 59887.107622
227749 59887.108039
227750 59887.108455
227751 59887.108872
227752 59887.109289
227753 59887.109705
227754 59887.110122
227755 59887.110539
227756 59887.110955
227757 59887.111372
227758 59887.111789
227759 59887.112205
227760 59887.112622
227761 59887.113039
227762 59887.113455
227763 59887.113872
227764 59887.114289
229233 59896.095199
229234 59896.095615
229235 59896.096032
229236 59896.096449
229237 59896.096865
229238 59896.097282
229239 59896.097699
229240 59896.098115
229241 59896.098532
229242 59896.098949
229243 59896.099365
229244 59896.099782
229245 59896.100199
229246 59896.100615
229247 59896.101032
229248 59896.101449
229249 59896.101865
229250 59896.102282
229251 59896.102699
229252 59896.103115
231442 59899.096706
231443 59899.097122
231444 59899.097539
231445 59899.097956
231446 59899.098372
231447 59899.098789
231448 59899.099206
231449 59899.099622
231450 59899.100039
231451 59899.100456
231452 59899.100872
231453 59899.101289
231454 59899.101706
231455 59899.102122
231456 59899.102539
231457 59899.102956
231458 59899.103372
231459 59899.103789
231460 59899.104206
231461 59899.104622
233541 59902.055806
233542 59902.056223
233543 59902.056639
233544 59902.057056
233545 59902.057473
233546 59902.057889
233547 59902.058306
233548 59902.058723
233549 59902.059139
233550 59902.059556
233551 59902.059973
233552 59902.060389
233553 59902.060806
233554 59902.061223
233555 59902.061639
233556 59902.062056
233557 59902.062473
233558 59902.062889
233559 59902.063306
233560 59902.063723
242015 59913.255902
242016 59913.256319
242017 59913.256735
242018 59913.257152
242019 59913.257569
242020 59913.257985
242021 59913.258402
242022 59913.258819
242023 59913.259235
242024 59913.259652
242025 59913.260069
242026 59913.260485
242027 59913.260902
242028 59913.261319
242029 59913.261735
242030 59913.262152
242031 59913.262569
242032 59913.262985
242033 59913.263402
242034 59913.263819
243750 59916.0657
243751 59916.066117
243752 59916.066533
243753 59916.06695
243754 59916.067367
243755 59916.067783
243756 59916.0682
243757 59916.068617
243758 59916.069033
243759 59916.06945
243760 59916.069867
243761 59916.070283
243762 59916.0707
243763 59916.071117
243764 59916.071533
243765 59916.07195
243766 59916.072367
243767 59916.072783
243768 59916.0732
243769 59916.073617
249474 59924.070192
249475 59924.070608
249476 59924.071025
249477 59924.071442
249478 59924.071858
249479 59924.072275
249480 59924.072692
249481 59924.073108
249482 59924.073525
249483 59924.073942
249484 59924.074358
249485 59924.074775
249486 59924.075192
249487 59924.075608
249488 59924.076025
249489 59924.076442
249490 59924.076858
249491 59924.077275
249492 59924.077692
249493 59924.078108
250894 59927.071652
250895 59927.072069
250896 59927.072485
250897 59927.072902
250898 59927.073319
250899 59927.073735
250900 59927.074152
250901 59927.074569
250902 59927.074985
250903 59927.075402
250904 59927.075819
250905 59927.076235
250906 59927.076652
250907 59927.077069
250908 59927.077485
250909 59927.077902
250910 59927.078319
250911 59927.078735
250912 59927.079152
250913 59927.079569
252961 59930.073197
252962 59930.073614
252963 59930.07403
252964 59930.074447
252965 59930.074864
252966 59930.07528
252967 59930.075697
252968 59930.076114
252969 59930.07653
252970 59930.076947
252971 59930.077364
252972 59930.07778
252973 59930.078197
252974 59930.078614
252975 59930.07903
252976 59930.079447
252977 59930.079864
252978 59930.08028
252979 59930.080697
252980 59930.081114
254944 59933.074524
254945 59933.07494
254946 59933.075357
254947 59933.075774
254948 59933.07619
254949 59933.076607
254950 59933.077024
254951 59933.07744
254952 59933.077857
254953 59933.078274
254954 59933.07869
254955 59933.079107
254956 59933.079524
254957 59933.07994
254958 59933.080357
254959 59933.080774
254960 59933.08119
254961 59933.081607
254962 59933.082024
254963 59933.08244
260464 59942.092517
260465 59942.092933
260466 59942.09335
260467 59942.093767
260468 59942.094183
260469 59942.0946
260470 59942.095017
260471 59942.095433
260472 59942.09585
260473 59942.096267
260474 59942.096683
260475 59942.0971
260476 59942.097517
260477 59942.097933
260478 59942.09835
260479 59942.098767
260480 59942.099183
260481 59942.0996
260482 59942.100017
260483 59942.100433
262557 59945.088241
262558 59945.088658
262559 59945.089075
262560 59945.089491
262561 59945.089908
262562 59945.090325
262563 59945.090741
262564 59945.091158
262565 59945.091575
262566 59945.091991
262567 59945.092408
262568 59945.092825
262569 59945.093241
262570 59945.093658
262571 59945.094075
262572 59945.094491
262573 59945.094908
262574 59945.095325
262575 59945.095741
262576 59945.096158
427550 60192.304253
427551 60192.30467
427552 60192.305086
427553 60192.305503
427554 60192.30592
427555 60192.306336
427556 60192.306753
427557 60192.30717
427558 60192.307586
427559 60192.308003
427560 60192.30842
427561 60192.308836
427562 60192.309253
427563 60192.30967
427564 60192.310086
427565 60192.310503
427566 60192.31092
427567 60192.311336
427568 60192.311753
427569 60192.31217
429162 60195.245592
429163 60195.246009
429164 60195.246426
429165 60195.246842
429166 60195.247259
429167 60195.247676
429168 60195.248092
429169 60195.248509
429170 60195.248926
429171 60195.249342
429172 60195.249759
429173 60195.250176
429174 60195.250592
429175 60195.251009
429176 60195.251426
429177 60195.251842
429178 60195.252259
429179 60195.252676
429180 60195.253092
429181 60195.253509
439150 60209.239392
439151 60209.239809
439152 60209.240226
439153 60209.240642
439154 60209.241059
439155 60209.241476
439156 60209.241892
439157 60209.242309
439158 60209.242726
439159 60209.243142
439160 60209.243559
439161 60209.243976
439162 60209.244392
439163 60209.244809
439164 60209.245226
439165 60209.245642
439166 60209.246059
439167 60209.246476
439168 60209.246892
439169 60209.247309
441825 60212.225993
441826 60212.226409
441827 60212.226826
441828 60212.227243
441829 60212.227659
441830 60212.228076
441831 60212.228493
441832 60212.228909
441833 60212.229326
441834 60212.229743
441835 60212.230159
441836 60212.230576
441837 60212.230993
441838 60212.231409
441839 60212.231826
441840 60212.232243
441841 60212.232659
441842 60212.233076
441843 60212.233493
441844 60212.233909
447556 60223.206083
447557 60223.206499
447558 60223.206916
447559 60223.207333
447560 60223.207749
447561 60223.208166
447562 60223.208583
447563 60223.208999
447564 60223.209416
447565 60223.209833
447566 60223.210249
447567 60223.210666
447568 60223.211083
447569 60223.211499
447570 60223.211916
447571 60223.212333
447572 60223.212749
447573 60223.213166
447574 60223.213583
447575 60223.213999
449266 60226.283348
449267 60226.283764
449268 60226.284181
449269 60226.284598
449270 60226.285014
449271 60226.285431
449272 60226.285848
449273 60226.286264
449274 60226.286681
449275 60226.287098
449276 60226.287514
449277 60226.287931
449278 60226.302237
449279 60226.303249
449280 60226.30369
449281 60226.304121
449282 60226.304551
449283 60226.304981
449284 60226.305411
449285 60226.305841
455367 60238.283919
455368 60238.284336
455369 60238.284752
455370 60238.285169
455371 60238.285586
455372 60238.286002
455373 60238.286419
455374 60238.286836
455375 60238.287252
455376 60238.287669
455377 60238.288086
455378 60238.288502
455379 60238.288919
455380 60238.289336
455381 60238.289752
455382 60238.290169
455383 60238.290586
455384 60238.291002
455385 60238.291419
455386 60238.291836
457531 60241.145501
457532 60241.145918
457533 60241.146335
457534 60241.146751
457535 60241.147168
457536 60241.147585
457537 60241.148001
457538 60241.148418
457539 60241.148835
457540 60241.149251
457541 60241.149668
457542 60241.150085
457543 60241.150501
457544 60241.150918
457545 60241.151335
457546 60241.151751
457547 60241.152168
457548 60241.152585
457549 60241.153001
457550 60241.153418
470428 60267.055579
470429 60267.055995
470430 60267.056412
470431 60267.056829
470432 60267.057245
470433 60267.057662
470434 60267.058079
470435 60267.058495
470436 60267.058912
470437 60267.059329
470438 60267.059745
470439 60267.060162
470440 60267.060579
470441 60267.060995
470442 60267.061412
470443 60267.061829
470444 60267.062245
470445 60267.062662
470446 60267.063079
470447 60267.063495
472774 60270.119465
472775 60270.119882
472776 60270.120298
472777 60270.120715
472778 60270.121132
472779 60270.121548
472780 60270.121965
472781 60270.122382
472782 60270.122798
472783 60270.123215
472784 60270.123632
472785 60270.124048
472786 60270.124465
472787 60270.124882
472788 60270.125298
472789 60270.125715
472790 60270.126132
472791 60270.126548
472792 60270.126965
472793 60270.127382
478581 60278.063725
478582 60278.064141
478583 60278.064558
478584 60278.064975
478585 60278.065391
478586 60278.065808
478587 60278.066225
478588 60278.066641
478589 60278.067058
478590 60278.067475
478591 60278.067891
478592 60278.068308
478593 60278.068725
478594 60278.069141
478595 60278.069558
478596 60278.069975
478597 60278.070391
478598 60278.070808
478599 60278.071225
478600 60278.071641
480713 60281.066502
480714 60281.066919
480715 60281.067335
480716 60281.067752
480717 60281.068169
480718 60281.068585
480719 60281.069002
480720 60281.069419
480721 60281.069835
480722 60281.070252
480723 60281.070669
480724 60281.071085
480725 60281.071502
480726 60281.071919
480727 60281.072335
480728 60281.072752
480729 60281.073169
480730 60281.073585
480731 60281.074002
480732 60281.074419
482843 60284.066967
482844 60284.067384
482845 60284.067801
482846 60284.068217
482847 60284.068634
482848 60284.069051
482849 60284.069467
482850 60284.069884
482851 60284.070301
482852 60284.070717
482853 60284.071134
482854 60284.071551
482855 60284.071967
482856 60284.072384
482857 60284.072801
482858 60284.073217
482859 60284.073634
482860 60284.074051
482861 60284.074467
482862 60284.074884
484596 60287.068938
484597 60287.069355
484598 60287.069772
484599 60287.070188
484600 60287.070605
484601 60287.071022
484602 60287.071438
484603 60287.071855
484604 60287.072272
484605 60287.072688
484606 60287.073105
484607 60287.073522
484608 60287.073938
484609 60287.074355
484610 60287.074772
484611 60287.075188
484612 60287.075605
484613 60287.076022
484614 60287.076438
484615 60287.076855
490030 60297.128179
490031 60297.128596
490032 60297.129013
490033 60297.129429
490034 60297.129846
490035 60297.130263
490036 60297.130679
490037 60297.131096
490038 60297.131513
490039 60297.131929
490040 60297.132346
490041 60297.132763
490042 60297.133179
490043 60297.133596
490044 60297.134013
490045 60297.134429
490046 60297.134846
490047 60297.135263
490048 60297.135679
490049 60297.136096
490608 60300.075322
490609 60300.075739
490610 60300.076155
490611 60300.076572
490612 60300.076989
490613 60300.077405
490614 60300.077822
490615 60300.078239
490616 60300.078655
490617 60300.079072
490618 60300.079489
490619 60300.079905
490620 60300.080322
490621 60300.080739
490622 60300.081155
490623 60300.081572
490624 60300.081989
490625 60300.082405
490626 60300.082822
490627 60300.083239
664587 60567.234411
664588 60567.234828
664589 60567.235245
664590 60567.235661
664591 60567.236078
664592 60567.236495
664593 60567.236911
664594 60567.237328
664595 60567.237745
664596 60567.238161
664597 60567.238578
664598 60567.238995
664599 60567.239411
664600 60567.239828
664601 60567.240245
664602 60567.240661
664603 60567.241078
664604 60567.241495
664605 60567.241911
664606 60567.242328
671688 60578.285857
671689 60578.286274
671690 60578.28669
671691 60578.287107
671692 60578.287524
671693 60578.28794
671694 60578.288357
671695 60578.288774
671696 60578.28919
671697 60578.289607
671698 60578.290024
671699 60578.29044
671700 60578.290857
671701 60578.291274
671702 60578.29169
671703 60578.292107
671704 60578.292524
671705 60578.29294
671706 60578.293357
671707 60578.293774
674134 60581.189152
674135 60581.189568
674136 60581.189985
674137 60581.190402
674138 60581.190818
674139 60581.191235
674140 60581.191652
674141 60581.192068
674142 60581.192485
674143 60581.192902
674144 60581.193318
674145 60581.193735
674146 60581.194152
674147 60581.194568
674148 60581.194985
674149 60581.195402
674150 60581.195818
674151 60581.196235
674152 60581.196652
674153 60581.197068
684498 60593.179472
684499 60593.179889
684500 60593.180305
684501 60593.180722
684502 60593.181139
684503 60593.181555
684504 60593.181972
684505 60593.182389
684506 60593.182805
684507 60593.183222
684508 60593.183639
684509 60593.184055
684510 60593.184472
684511 60593.184889
684512 60593.185305
684513 60593.185722
684514 60593.186139
684515 60593.186555
684516 60593.186972
684517 60593.187389
686499 60596.193244
686500 60596.193661
686501 60596.194078
686502 60596.194494
686503 60596.194911
686504 60596.195328
686505 60596.195744
686506 60596.196161
686507 60596.196578
686508 60596.196994
686509 60596.197411
686510 60596.197828
686511 60596.198244
686512 60596.198661
686513 60596.199078
686514 60596.199494
686515 60596.199911
686516 60596.200328
686517 60596.200744
686518 60596.201161
693900 60605.149276
693901 60605.149693
693902 60605.15011
693903 60605.150526
693904 60605.150943
693905 60605.15136
693906 60605.151776
693907 60605.152193
693908 60605.15261
693909 60605.153026
693910 60605.153443
693911 60605.15386
693912 60605.154276
693913 60605.154693
693914 60605.15511
693915 60605.155526
693916 60605.155943
693917 60605.15636
693918 60605.156776
693919 60605.157193
696276 60608.142034
696277 60608.142451
696278 60608.142868
696279 60608.143284
696280 60608.143701
696281 60608.144118
696282 60608.144534
696283 60608.144951
696284 60608.145368
696285 60608.145784
696286 60608.146201
696287 60608.146618
696288 60608.147034
696289 60608.147451
696290 60608.147868
696291 60608.148284
696292 60608.148701
696293 60608.149118
696294 60608.149534
696295 60608.149951
698651 60611.134004
698652 60611.13442
698653 60611.134837
698654 60611.135254
698655 60611.13567
698656 60611.136087
698657 60611.136504
698658 60611.13692
698659 60611.137337
698660 60611.137754
698661 60611.13817
698662 60611.138587
698663 60611.139004
698664 60611.13942
698665 60611.139837
698666 60611.140254
698667 60611.14067
698668 60611.141087
698669 60611.141504
698670 60611.14192
704775 60621.137598
704776 60621.138015
704777 60621.138431
704778 60621.138848
704779 60621.139265
704780 60621.139681
704781 60621.140098
704782 60621.140515
704783 60621.140931
704784 60621.141348
704785 60621.141765
704786 60621.142181
704787 60621.142598
704788 60621.143015
704789 60621.143431
704790 60621.143848
704791 60621.144265
704792 60621.144681
704793 60621.145098
704794 60621.145515
706952 60624.093405
706953 60624.093822
706954 60624.094239
706955 60624.094655
706956 60624.095072
706957 60624.095489
706958 60624.095905
706959 60624.096322
706960 60624.096739
706961 60624.097155
706962 60624.097572
706963 60624.097989
706964 60624.098405
706965 60624.098822
706966 60624.099239
706967 60624.099655
706968 60624.100072
706969 60624.100489
706970 60624.100905
706971 60624.101322
709677 60627.291393
709678 60627.291809
709679 60627.292226
709680 60627.292643
709681 60627.293059
709682 60627.293476
709683 60627.293893
709684 60627.294309
709685 60627.294726
709686 60627.295143
709687 60627.295559
709688 60627.295976
709689 60627.296393
709690 60627.296809
709691 60627.297226
709692 60627.297643
709693 60627.298059
709694 60627.298476
709695 60627.298893
709696 60627.299309
712911 60632.051295
712912 60632.051711
712913 60632.052128
712914 60632.052545
712915 60632.052961
712916 60632.053378
712917 60632.053795
712918 60632.054211
712919 60632.054628
712920 60632.055045
712921 60632.055461
712922 60632.055878
712923 60632.056295
712924 60632.056711
712925 60632.057128
712926 60632.057545
712927 60632.057961
712928 60632.058378
712929 60632.058795
712930 60632.059211
715146 60635.058159
715147 60635.058575
715148 60635.058992
715149 60635.059409
715150 60635.059825
715151 60635.060242
715152 60635.060659
715153 60635.061075
715154 60635.061492
715155 60635.061909
715156 60635.062325
715157 60635.062742
715158 60635.063159
715159 60635.063575
715160 60635.063992
715161 60635.064409
715162 60635.064825
715163 60635.065242
715164 60635.065659
715165 60635.066075
716613 60640.061676
716614 60640.062093
716615 60640.06251
716616 60640.062926
716617 60640.063343
716618 60640.06376
716619 60640.064176
716620 60640.064593
716621 60640.06501
716622 60640.065426
716623 60640.065843
716624 60640.06626
716625 60640.066676
716626 60640.067093
716627 60640.06751
716628 60640.067926
716629 60640.068343
716630 60640.06876
716631 60640.069176
716632 60640.069593
724673 60651.148758
724674 60651.149175
724675 60651.149592
724676 60651.150008
724677 60651.150425
724678 60651.150842
724679 60651.151258
724680 60651.151675
724681 60651.152092
724682 60651.152508
724683 60651.152925
724684 60651.153342
724685 60651.153758
724686 60651.154175
724687 60651.154592
724688 60651.155008
724689 60651.155425
724690 60651.155842
724691 60651.156258
724692 60651.156675
726644 60654.070981
726645 60654.071397
726646 60654.071814
726647 60654.072231
726648 60654.072647
726649 60654.073064
726650 60654.073481
726651 60654.073897
726652 60654.074314
726653 60654.074731
726654 60654.075147
726655 60654.075564
726656 60654.075981
726657 60654.076397
726658 60654.076814
726659 60654.077231
726660 60654.077647
726661 60654.078064
726662 60654.078481
726663 60654.078897
732200 60662.156365
732201 60662.156781
732202 60662.157198
732203 60662.157615
732204 60662.158031
732205 60662.158448
732206 60662.158865
732207 60662.159281
732208 60662.159698
732209 60662.160115
732210 60662.160531
732211 60662.160948
732212 60662.161365
732213 60662.161781
732214 60662.162198
732215 60662.162615
732216 60662.163031
732217 60662.163448
732218 60662.163865
732219 60662.164281
734127 60665.074983
734128 60665.0754
734129 60665.075816
734130 60665.076233
734131 60665.07665
734132 60665.077066
734133 60665.077483
734134 60665.0779
734135 60665.078316
734136 60665.078733
734137 60665.07915
734138 60665.079566
734139 60665.079983
734140 60665.0804
734141 60665.080816
734142 60665.081233
734143 60665.08165
734144 60665.082066
734145 60665.082483
734146 60665.0829
736174 60668.075933
736175 60668.076349
736176 60668.076766
736177 60668.077183
736178 60668.077599
736179 60668.078016
736180 60668.078433
736181 60668.092738
736182 60668.09375
736183 60668.094191
736184 60668.094622
736185 60668.095052
736186 60668.095482
736187 60668.095912
736188 60668.096342
736189 60668.096772
736190 60668.097202
736191 60668.097631
736192 60668.098061
736193 60668.098491
917302 60919.351642
917303 60919.352058
917304 60919.352475
917305 60919.352892
917306 60919.353308
917307 60919.353725
917308 60919.354142
917309 60919.354558
917310 60919.354975
917311 60919.355392
917312 60919.355808
917313 60919.356225
917314 60919.356642
917315 60919.357058
917316 60919.357475
917317 60919.357892
917318 60919.358308
917319 60919.358725
917320 60919.359142
917321 60919.359558
920454 60933.286157
920455 60933.286574
920456 60933.286991
920457 60933.287407
920458 60933.287824
920459 60933.288241
920460 60933.288657
920461 60933.289074
920462 60933.289491
920463 60933.289907
920464 60933.290324
920465 60933.290741
920466 60933.291157
920467 60933.291574
920468 60933.291991
920469 60933.292407
920470 60933.292824
920471 60933.293241
920472 60933.293657
920473 60933.294074
933004 60947.213704
933005 60947.214121
933006 60947.214538
933007 60947.214954
933008 60947.215371
933009 60947.215788
933010 60947.216204
933011 60947.216621
933012 60947.217038
933013 60947.217454
933014 60947.217871
933015 60947.218288
933016 60947.218704
933017 60947.219121
933018 60947.219538
933019 60947.219954
933020 60947.220371
933021 60947.220788
933022 60947.221204
933023 60947.221621
934725 60950.205972
934726 60950.206389
934727 60950.206805
934728 60950.207222
934729 60950.207639
934730 60950.208055
934731 60950.208472
934732 60950.208889
934733 60950.209305
934734 60950.209722
934735 60950.210139
934736 60950.210555
934737 60950.210972
934738 60950.211389
934739 60950.211805
934740 60950.212222
934741 60950.212639
934742 60950.213055
934743 60950.213472
934744 60950.213889
941697 60959.252389
941698 60959.252806
941699 60959.253222
941700 60959.253639
941701 60959.254056
941702 60959.254472
941703 60959.254889
941704 60959.255306
941705 60959.255722
941706 60959.256139
941707 60959.256556
941708 60959.256972
941709 60959.257389
941710 60959.257806
941711 60959.258222
941712 60959.258639
941713 60959.259056
941714 60959.259472
941715 60959.259889
941716 60959.260306
943937 60962.144108
943938 60962.144525
943939 60962.144941
943940 60962.145358
943941 60962.145775
943942 60962.146191
943943 60962.146608
943944 60962.147025
943945 60962.147441
943946 60962.147858
943947 60962.148275
943948 60962.148691
943949 60962.149108
943950 60962.149525
943951 60962.149941
943952 60962.150358
943953 60962.150775
943954 60962.151191
943955 60962.151608
943956 60962.152025
946405 60965.137109
946406 60965.137525
946407 60965.137942
946408 60965.138359
946409 60965.138775
946410 60965.139192
946411 60965.139609
946412 60965.140025
946413 60965.140442
946414 60965.140859
946415 60965.141275
946416 60965.141692
946417 60965.142109
946418 60965.142525
946419 60965.142942
946420 60965.143359
946421 60965.143775
946422 60965.144192
946423 60965.144609
946424 60965.145025
952797 60975.130898
952798 60975.131315
952799 60975.131732
952800 60975.132148
952801 60975.132565
952802 60975.132982
952803 60975.133398
952804 60975.133815
952805 60975.134232
952806 60975.134648
952807 60975.135065
952808 60975.135482
952809 60975.135898
952810 60975.136315
952811 60975.136732
952812 60975.137148
952813 60975.137565
952814 60975.137982
952815 60975.138398
952816 60975.138815
955147 60978.132629
955148 60978.133046
955149 60978.133462
955150 60978.133879
955151 60978.134296
955152 60978.134712
955153 60978.135129
955154 60978.135546
955155 60978.135962
955156 60978.136379
955157 60978.136796
955158 60978.137212
955159 60978.137629
955160 60978.138046
955161 60978.138462
955162 60978.138879
955163 60978.139296
955164 60978.139712
955165 60978.140129
955166 60978.140546
956859 60981.134124
956860 60981.134541
956861 60981.134958
956862 60981.135374
956863 60981.135791
956864 60981.136208
956865 60981.136624
956866 60981.137041
956867 60981.137458
956868 60981.137874
956869 60981.138291
956870 60981.138708
956871 60981.139124
956872 60981.139541
956873 60981.139958
956874 60981.140374
956875 60981.140791
956876 60981.141208
956877 60981.141624
956878 60981.142041
959429 60992.094787
959430 60992.095204
959431 60992.095621
959432 60992.096037
959433 60992.096454
959434 60992.096871
959435 60992.097287
959436 60992.097704
959437 60992.098121
959438 60992.098537
959439 60992.098954
959440 60992.099371
959441 60992.099787
959442 60992.100204
959443 60992.100621
959444 60992.101037
959445 60992.101454
959446 60992.101871
959447 60992.102287
959448 60992.102704
969048 61006.070649
969049 61006.071066
969050 61006.071482
969051 61006.071899
969052 61006.072316
969053 61006.072732
969054 61006.073149
969055 61006.073566
969056 61006.073982
969057 61006.074399
969058 61006.074816
969059 61006.075232
969060 61006.075649
969061 61006.076066
969062 61006.076482
969063 61006.076899
969064 61006.077316
969065 61006.077732
969066 61006.078149
969067 61006.078566
970431 61009.064025
970432 61009.064442
970433 61009.064858
970434 61009.065275
970435 61009.065692
970436 61009.066108
970437 61009.066525
970438 61009.066942
970439 61009.067358
970440 61009.067775
970441 61009.068192
970442 61009.068608
970443 61009.069025
970444 61009.069442
970445 61009.069858
970446 61009.070275
970447 61009.070692
970448 61009.071108
970449 61009.071525
970450 61009.071942
975347 61016.117795
975348 61016.118212
975349 61016.118628
975350 61016.119045
975351 61016.119462
975352 61016.119878
975353 61016.120295
975354 61016.120712
975355 61016.121128
975356 61016.121545
975357 61016.121962
975358 61016.122378
975359 61016.122795
975360 61016.123212
975361 61016.123628
975362 61016.124045
975363 61016.124462
975364 61016.124878
975365 61016.125295
975366 61016.1396
976732 61019.116693
976733 61019.11711
976734 61019.131416
976735 61019.132429
976736 61019.13287
976737 61019.1333
976738 61019.13373
976739 61019.13416
976740 61019.13459
976741 61019.13502
976742 61019.13545
976743 61019.13588
976744 61019.13631
976745 61019.13674
976746 61019.137169
976747 61019.137599
976748 61019.138029
976749 61019.138458
976750 61019.138888
976751 61019.139318
978789 61022.133021
978790 61022.133438
978791 61022.133855
978792 61022.134271
978793 61022.134688
978794 61022.135105
978795 61022.135521
978796 61022.135938
978797 61022.136355
978798 61022.136771
978799 61022.137188
978800 61022.137605
978801 61022.138021
978802 61022.138438
978803 61022.138855
978804 61022.139271
978805 61022.139688
978806 61022.140105
978807 61022.140521
978808 61022.140938
988558 61036.091752
988559 61036.092169
988560 61036.092585
988561 61036.093002
988562 61036.093419
988563 61036.093835
988564 61036.094252
988565 61036.094669
988566 61036.095085
988567 61036.095502
988568 61036.095919
988569 61036.096335
988570 61036.096752
988571 61036.097169
988572 61036.097585
988573 61036.098002
988574 61036.098419
988575 61036.098835
988576 61036.099252
988577 61036.099669
990656 61039.092192
990657 61039.092608
990658 61039.093025
990659 61039.093442
990660 61039.093858
990661 61039.094275
990662 61039.094692
990663 61039.095108
990664 61039.095525
990665 61039.095942
990666 61039.096358
990667 61039.096775
990668 61039.097192
990669 61039.097608
990670 61039.098025
990671 61039.098442
990672 61039.098858
990673 61039.099275
990674 61039.099692
990675 61039.100108
994150 61044.079638
994151 61044.080054
994152 61044.080471
994153 61044.080888
994154 61044.081304
994155 61044.081721
994156 61044.082138
994157 61044.082554
994158 61044.082971
994159 61044.083388
994160 61044.083804
994161 61044.084221
994162 61044.084638
994163 61044.085054
994164 61044.085471
994165 61044.085888
994166 61044.086304
994167 61044.086721
994168 61044.087138
994169 61044.087554
995565 61047.078635
995566 61047.079052
995567 61047.079468
995568 61047.079885
995569 61047.080302
995570 61047.080718
995571 61047.081135
995572 61047.081552
995573 61047.081968
995574 61047.082385
995575 61047.082802
995576 61047.083218
995577 61047.083635
995578 61047.084052
995579 61047.084468
995580 61047.084885
995581 61047.085302
995582 61047.085718
995583 61047.086135
995584 61047.086552
996952 61050.078976
996953 61050.079393
996954 61050.079809
996955 61050.080226
996956 61050.080643
996957 61050.081059
996958 61050.081476
996959 61050.081893
996960 61050.082309
996961 61050.082726
996962 61050.083143
996963 61050.083559
996964 61050.083976
996965 61050.084393
996966 61050.084809
996967 61050.085226
996968 61050.085643
996969 61050.086059
996970 61050.086476
996971 61050.086893
997672 61054.078847
997673 61054.079264
997674 61054.07968
997675 61054.080097
997676 61054.080514
997677 61054.08093
997678 61054.081347
997679 61054.081764
997680 61054.08218
997681 61054.082597
997682 61054.083014
997683 61054.08343
997684 61054.083847
997685 61054.084264
997686 61054.08468
997687 61054.085097
997688 61054.085514
997689 61054.08593
997690 61054.086347
997691 61054.086764
1170860 61302.209045
1170861 61302.209462
1170862 61302.209879
1170863 61302.210295
1170864 61302.210712
1170865 61302.211129
1170866 61302.211545
1170867 61302.211962
1170868 61302.212379
1170869 61302.212795
1170870 61302.213212
1170871 61302.213629
1170872 61302.214045
1170873 61302.214462
1170874 61302.214879
1170875 61302.215295
1170876 61302.215712
1170877 61302.216129
1170878 61302.216545
1170879 61302.216962
1173534 61305.236673
1173535 61305.23709
1173536 61305.237507
1173537 61305.237923
1173538 61305.23834
1173539 61305.238757
1173540 61305.239173
1173541 61305.23959
1173542 61305.240007
1173543 61305.240423
1173544 61305.24084
1173545 61305.241257
1173546 61305.241673
1173547 61305.24209
1173548 61305.242507
1173549 61305.242923
1173550 61305.24334
1173551 61305.243757
1173552 61305.244173
1173553 61305.24459
1176542 61308.384174
1176543 61308.384591
1176544 61308.385008
1176545 61308.385424
1176546 61308.385841
1176547 61308.386258
1176548 61308.386674
1176549 61308.387091
1176550 61308.387508
1176551 61308.387924
1176552 61308.388341
1176553 61308.388758
1176554 61308.389174
1176555 61308.389591
1176556 61308.390008
1176557 61308.390424
1176558 61308.390841
1176559 61308.391258
1176560 61308.391674
1176561 61308.392091
1181586 61314.275644
1181587 61314.276061
1181588 61314.276477
1181589 61314.276894
1181590 61314.277311
1181591 61314.277727
1181592 61314.278144
1181593 61314.278561
1181594 61314.278977
1181595 61314.279394
1181596 61314.279811
1181597 61314.280227
1181598 61314.280644
1181599 61314.281061
1181600 61314.281477
1181601 61314.281894
1181602 61314.282311
1181603 61314.282727
1181604 61314.283144
1181605 61314.283561
1183959 61317.172128
1183960 61317.172545
1183961 61317.172962
1183962 61317.173378
1183963 61317.173795
1183964 61317.174212
1183965 61317.174628
1183966 61317.175045
1183967 61317.175462
1183968 61317.175878
1183969 61317.176295
1183970 61317.176712
1183971 61317.177128
1183972 61317.177545
1183973 61317.177962
1183974 61317.178378
1183975 61317.178795
1183976 61317.179212
1183977 61317.179628
1183978 61317.180045
1194541 61330.177361
1194542 61330.177778
1194543 61330.178195
1194544 61330.178611
1194545 61330.179028
1194546 61330.179445
1194547 61330.179861
1194548 61330.180278
1194549 61330.180695
1194550 61330.181111
1194551 61330.181528
1194552 61330.181945
1194553 61330.182361
1194554 61330.182778
1194555 61330.183195
1194556 61330.183611
1194557 61330.184028
1194558 61330.184445
1194559 61330.184861
1194560 61330.185278
1196912 61333.17419
1196913 61333.174606
1196914 61333.175023
1196915 61333.17544
1196916 61333.175856
1196917 61333.176273
1196918 61333.17669
1196919 61333.177106
1196920 61333.177523
1196921 61333.17794
1196922 61333.178356
1196923 61333.178773
1196924 61333.17919
1196925 61333.179606
1196926 61333.180023
1196927 61333.18044
1196928 61333.180856
1196929 61333.181273
1196930 61333.18169
1196931 61333.182106
1198571 61336.208756
1198572 61336.209172
1198573 61336.209589
1198574 61336.210006
1198575 61336.210422
1198576 61336.210839
1198577 61336.211256
1198578 61336.211672
1198579 61336.212089
1198580 61336.212506
1198581 61336.212922
1198582 61336.213339
1198583 61336.213756
1198584 61336.214172
1198585 61336.214589
1198586 61336.215006
1198587 61336.215422
1198588 61336.215839
1198589 61336.216256
1198590 61336.216672
1203220 61344.133525
1203221 61344.133942
1203222 61344.134359
1203223 61344.134775
1203224 61344.135192
1203225 61344.135609
1203226 61344.136025
1203227 61344.136442
1203228 61344.136859
1203229 61344.137275
1203230 61344.137692
1203231 61344.138109
1203232 61344.138525
1203233 61344.138942
1203234 61344.139359
1203235 61344.139775
1203236 61344.140192
1203237 61344.140609
1203238 61344.141025
1203239 61344.141442
1204034 61348.13557
1204035 61348.135986
1204036 61348.136403
1204037 61348.13682
1204038 61348.137236
1204039 61348.137653
1204040 61348.13807
1204041 61348.138486
1204042 61348.138903
1204043 61348.13932
1204044 61348.139736
1204045 61348.140153
1204046 61348.14057
1204047 61348.140986
1204048 61348.141403
1204049 61348.14182
1204050 61348.142236
1204051 61348.142653
1204052 61348.14307
1204053 61348.143486
1208209 61359.095839
1208210 61359.096255
1208211 61359.096672
1208212 61359.097089
1208213 61359.097505
1208214 61359.097922
1208215 61359.098339
1208216 61359.098755
1208217 61359.099172
1208218 61359.099589
1208219 61359.100005
1208220 61359.100422
1208221 61359.100839
1208222 61359.101255
1208223 61359.101672
1208224 61359.102089
1208225 61359.102505
1208226 61359.102922
1208227 61359.103339
1208228 61359.103755
1210341 61362.097832
1210342 61362.098249
1210343 61362.098666
1210344 61362.099082
1210345 61362.099499
1210346 61362.099916
1210347 61362.100332
1210348 61362.100749
1210349 61362.101166
1210350 61362.101582
1210351 61362.101999
1210352 61362.102416
1210353 61362.102832
1210354 61362.103249
1210355 61362.103666
1210356 61362.104082
1210357 61362.104499
1210358 61362.104916
1210359 61362.105332
1210360 61362.105749
1212518 61365.125393
1212519 61365.12581
1212520 61365.126226
1212521 61365.126643
1212522 61365.12706
1212523 61365.127476
1212524 61365.127893
1212525 61365.12831
1212526 61365.128726
1212527 61365.129143
1212528 61365.12956
1212529 61365.129976
1212530 61365.130393
1212531 61365.13081
1212532 61365.131226
1212533 61365.131643
1212534 61365.13206
1212535 61365.132476
1212536 61365.132893
1212537 61365.13331
1215970 61370.060546
1215971 61370.060963
1215972 61370.06138
1215973 61370.061796
1215974 61370.062213
1215975 61370.06263
1215976 61370.063046
1215977 61370.063463
1215978 61370.06388
1215979 61370.064296
1215980 61370.064713
1215981 61370.06513
1215982 61370.065546
1215983 61370.065963
1215984 61370.06638
1215985 61370.066796
1215986 61370.067213
1215987 61370.06763
1215988 61370.068046
1215989 61370.068463
1218145 61373.062708
1218146 61373.063125
1218147 61373.063541
1218148 61373.063958
1218149 61373.064375
1218150 61373.064791
1218151 61373.065208
1218152 61373.065625
1218153 61373.066041
1218154 61373.066458
1218155 61373.066875
1218156 61373.067291
1218157 61373.067708
1218158 61373.068125
1218159 61373.068541
1218160 61373.068958
1218161 61373.069375
1218162 61373.069791
1218163 61373.070208
1218164 61373.070625
1220288 61376.064817
1220289 61376.065234
1220290 61376.065651
1220291 61376.066067
1220292 61376.066484
1220293 61376.066901
1220294 61376.067317
1220295 61376.067734
1220296 61376.068151
1220297 61376.068567
1220298 61376.068984
1220299 61376.069401
1220300 61376.069817
1220301 61376.070234
1220302 61376.070651
1220303 61376.071067
1220304 61376.071484
1220305 61376.071901
1220306 61376.072317
1220307 61376.072734
1228649 61389.072094
1228650 61389.072511
1228651 61389.072928
1228652 61389.073344
1228653 61389.073761
1228654 61389.074178
1228655 61389.074594
1228656 61389.075011
1228657 61389.075428
1228658 61389.075844
1228659 61389.076261
1228660 61389.076678
1228661 61389.077094
1228662 61389.077511
1228663 61389.077928
1228664 61389.078344
1228665 61389.078761
1228666 61389.079178
1228667 61389.079594
1228668 61389.080011
1230369 61392.073853
1230370 61392.07427
1230371 61392.074686
1230372 61392.075103
1230373 61392.07552
1230374 61392.075936
1230375 61392.076353
1230376 61392.07677
1230377 61392.077186
1230378 61392.077603
1230379 61392.07802
1230380 61392.078436
1230381 61392.078853
1230382 61392.07927
1230383 61392.079686
1230384 61392.080103
1230385 61392.08052
1230386 61392.080936
1230387 61392.081353
1230388 61392.08177
1235306 61406.150725
1235307 61406.151142
1235308 61406.151559
1235309 61406.151975
1235310 61406.152392
1235311 61406.152809
1235312 61406.153225
1235313 61406.153642
1235314 61406.154059
1235315 61406.154475
1235316 61406.154892
1235317 61406.155309
1235318 61406.155725
1235319 61406.156142
1235320 61406.156559
1235321 61406.156975
1235322 61406.157392
1235323 61406.157809
1235324 61406.158225
1235325 61406.158642
1412305 61656.256331
1412306 61656.256748
1412307 61656.257165
1412308 61656.257581
1412309 61656.257998
1412310 61656.258415
1412311 61656.258831
1412312 61656.259248
1412313 61656.259665
1412314 61656.260081
1412315 61656.260498
1412316 61656.260915
1412317 61656.261331
1412318 61656.261748
1412319 61656.262165
1412320 61656.262581
1412321 61656.262998
1412322 61656.263415
1412323 61656.263831
1412324 61656.264248
1414046 61672.394193
1414047 61672.39461
1414048 61672.395027
1414049 61672.395443
1414050 61672.39586
1414051 61672.396277
1414052 61672.396693
1414053 61672.39711
1414054 61672.397527
1414055 61672.397943
1414056 61672.39836
1414057 61672.398777
1414058 61672.399193
1414059 61672.39961
1414060 61672.400027
1414061 61672.400443
1414062 61672.40086
1414063 61672.401277
1422672 61685.236843
1422673 61685.23726
1422674 61685.237677
1422675 61685.238093
1422676 61685.23851
1422677 61685.238927
1422678 61685.239343
1422679 61685.23976
1422680 61685.240177
1422681 61685.240593
1422682 61685.24101
1422683 61685.241427
1422684 61685.241843
1422685 61685.24226
1422686 61685.242677
1422687 61685.243093
1422688 61685.24351
1422689 61685.243927
1422690 61685.244343
1422691 61685.24476
1425088 61688.186052
1425089 61688.186469
1425090 61688.186886
1425091 61688.187302
1425092 61688.187719
1425093 61688.188136
1425094 61688.188552
1425095 61688.188969
1425096 61688.189386
1425097 61688.189802
1425098 61688.190219
1425099 61688.190636
1425100 61688.191052
1425101 61688.191469
1425102 61688.191886
1425103 61688.192302
1425104 61688.192719
1425105 61688.193136
1425106 61688.193552
1425107 61688.193969
1427633 61691.317113
1427634 61691.31753
1427635 61691.317946
1427636 61691.318363
1427637 61691.31878
1427638 61691.319196
1427639 61691.319613
1427640 61691.32003
1427641 61691.320446
1427642 61691.320863
1427643 61691.32128
1427644 61691.321696
1427645 61691.322113
1427646 61691.32253
1427647 61691.322946
1427648 61691.323363
1427649 61691.32378
1427650 61691.324196
1427651 61691.324613
1427652 61691.32503
1433154 61698.171896
1433155 61698.172313
1433156 61698.17273
1433157 61698.173146
1433158 61698.173563
1433159 61698.17398
1433160 61698.174396
1433161 61698.174813
1433162 61698.17523
1433163 61698.175646
1433164 61698.176063
1433165 61698.17648
1433166 61698.176896
1433167 61698.177313
1433168 61698.17773
1433169 61698.178146
1433170 61698.178563
1433171 61698.17898
1433172 61698.179396
1433173 61698.179813
1434703 61701.150082
1434704 61701.150499
1434705 61701.150916
1434706 61701.151332
1434707 61701.151749
1434708 61701.152166
1434709 61701.152582
1434710 61701.152999
1434711 61701.153416
1434712 61701.153832
1434713 61701.154249
1434714 61701.154666
1434715 61701.155082
1434716 61701.155499
1434717 61701.155916
1434718 61701.156332
1434719 61701.156749
1434720 61701.157166
1434721 61701.157582
1434722 61701.157999
1436087 61704.177048
1436088 61704.177465
1436089 61704.177882
1436090 61704.178298
1436091 61704.178715
1436092 61704.179132
1436093 61704.179548
1436094 61704.179965
1436095 61704.180382
1436096 61704.180798
1436097 61704.181215
1436098 61704.181632
1436099 61704.182048
1436100 61704.182465
1436101 61704.182882
1436102 61704.183298
1436103 61704.183715
1436104 61704.184132
1436105 61704.184548
1436106 61704.184965
1446178 61725.105382
1446179 61725.105799
1446180 61725.106216
1446181 61725.106632
1446182 61725.107049
1446183 61725.107466
1446184 61725.107882
1446185 61725.108299
1446186 61725.108716
1446187 61725.109132
1446188 61725.109549
1446189 61725.109966
1446190 61725.110382
1446191 61725.110799
1446192 61725.111216
1446193 61725.111632
1446194 61725.112049
1446195 61725.112466
1446196 61725.112882
1446197 61725.113299
1448378 61728.103211
1448379 61728.103627
1448380 61728.104044
1448381 61728.104461
1448382 61728.104877
1448383 61728.105294
1448384 61728.105711
1448385 61728.106127
1448386 61728.106544
1448387 61728.106961
1448388 61728.107377
1448389 61728.107794
1448390 61728.108211
1448391 61728.108627
1448392 61728.109044
1448393 61728.109461
1448394 61728.109877
1448395 61728.110294
1448396 61728.110711
1448397 61728.111127
1450533 61731.104999
1450534 61731.105416
1450535 61731.105832
1450536 61731.106249
1450537 61731.106666
1450538 61731.107082
1450539 61731.107499
1450540 61731.107916
1450541 61731.108332
1450542 61731.108749
1450543 61731.109166
1450544 61731.109582
1450545 61731.109999
1450546 61731.110416
1450547 61731.110832
1450548 61731.111249
1450549 61731.111666
1450550 61731.112082
1450551 61731.112499
1450552 61731.112916
1458839 61744.066679
1458840 61744.067096
1458841 61744.067512
1458842 61744.067929
1458843 61744.068346
1458844 61744.068762
1458845 61744.069179
1458846 61744.069596
1458847 61744.070012
1458848 61744.070429
1458849 61744.070846
1458850 61744.071262
1458851 61744.071679
1458852 61744.072096
1458853 61744.072512
1458854 61744.072929
1458855 61744.073346
1458856 61744.073762
1458857 61744.074179
1458858 61744.074596
1460900 61747.068187
1460901 61747.068603
1460902 61747.06902
1460903 61747.069437
1460904 61747.069853
1460905 61747.07027
1460906 61747.070687
1460907 61747.071103
1460908 61747.07152
1460909 61747.071937
1460910 61747.072353
1460911 61747.07277
1460912 61747.073187
1460913 61747.073603
1460914 61747.07402
1460915 61747.074437
1460916 61747.074853
1460917 61747.07527
1460918 61747.075687
1460919 61747.076103
1466558 61755.136198
1466559 61755.136615
1466560 61755.137031
1466561 61755.137448
1466562 61755.137865
1466563 61755.138281
1466564 61755.138698
1466565 61755.139115
1466566 61755.139531
1466567 61755.139948
1466568 61755.140365
1466569 61755.140781
1466570 61755.141198
1466571 61755.141615
1466572 61755.142031
1466573 61755.142448
1466574 61755.142865
1466575 61755.143281
1466576 61755.143698
1466577 61755.144115
1468627 61758.124699
1468628 61758.125116
1468629 61758.125533
1468630 61758.125949
1468631 61758.126366
1468632 61758.126783
1468633 61758.127199
1468634 61758.127616
1468635 61758.128033
1468636 61758.128449
1468637 61758.128866
1468638 61758.129283
1468639 61758.129699
1468640 61758.130116
1468641 61758.130533
1468642 61758.130949
1468643 61758.131366
1468644 61758.131783
1468645 61758.132199
1468646 61758.132616
1470526 61762.213518
1470527 61762.213935
1470528 61762.214352
1470529 61762.214768
1470530 61762.215185
1470531 61762.215602
1470532 61762.216018
1470533 61762.216435
1470534 61762.216852
1470535 61762.217268
1470536 61762.217685
1470537 61762.218102
1470538 61762.218518
1470539 61762.218935
1470540 61762.219352
1470541 61762.219768
1470542 61762.220185
1470543 61762.220602
1470544 61762.221018
1470545 61762.221435
1632315 62014.312136
1632316 62014.312553
1632317 62014.31297
1632318 62014.313386
1632319 62014.313803
1632320 62014.31422
1632321 62014.314636
1632322 62014.315053
1632323 62014.31547
1632324 62014.315886
1632325 62014.316303
1632326 62014.31672
1632327 62014.317136
1632328 62014.317553
1632329 62014.31797
1632330 62014.318386
1632331 62014.318803
1632332 62014.31922
1632333 62014.319636
1632334 62014.320053
1636986 62026.30406
1636987 62026.304477
1636988 62026.304894
1636989 62026.30531
1636990 62026.305727
1636991 62026.306144
1636992 62026.30656
1636993 62026.306977
1636994 62026.307394
1636995 62026.30781
1636996 62026.308227
1636997 62026.308644
1636998 62026.30906
1636999 62026.309477
1637000 62026.309894
1637001 62026.31031
1637002 62026.310727
1637003 62026.311144
1637004 62026.31156
1637005 62026.311977
1639326 62029.222572
1639327 62029.222989
1639328 62029.223406
1639329 62029.223822
1639330 62029.224239
1639331 62029.224656
1639332 62029.225072
1639333 62029.225489
1639334 62029.225906
1639335 62029.226322
1639336 62029.226739
1639337 62029.227156
1639338 62029.227572
1639339 62029.227989
1639340 62029.228406
1639341 62029.228822
1639342 62029.229239
1639343 62029.229656
1639344 62029.230072
1639345 62029.230489
1650413 62042.208317
1650414 62042.208734
1650415 62042.20915
1650416 62042.209567
1650417 62042.209984
1650418 62042.2104
1650419 62042.210817
1650420 62042.211234
1650421 62042.21165
1650422 62042.212067
1650423 62042.212484
1650424 62042.2129
1650425 62042.213317
1650426 62042.213734
1650427 62042.21415
1650428 62042.214567
1650429 62042.214984
1650430 62042.2154
1650431 62042.215817
1650432 62042.216234
1652684 62045.307372
1652685 62045.307788
1652686 62045.322094
1652687 62045.323105
1652688 62045.323546
1652689 62045.323977
1652690 62045.324407
1652691 62045.324837
1652692 62045.325267
1652693 62045.325697
1652694 62045.326127
1652695 62045.326557
1652696 62045.326986
1652697 62045.327416
1652698 62045.327846
1652699 62045.328276
1652700 62045.328705
1652701 62045.329135
1652702 62045.329564
1652703 62045.329994
1659261 62053.165376
1659262 62053.165793
1659263 62053.166209
1659264 62053.166626
1659265 62053.167043
1659266 62053.167459
1659267 62053.167876
1659268 62053.168293
1659269 62053.168709
1659270 62053.169126
1659271 62053.169543
1659272 62053.169959
1659273 62053.170376
1659274 62053.170793
1659275 62053.171209
1659276 62053.171626
1659277 62053.172043
1659278 62053.172459
1659279 62053.172876
1659280 62053.173293
1661621 62056.178215
1661622 62056.178632
1661623 62056.179049
1661624 62056.179465
1661625 62056.179882
1661626 62056.180299
1661627 62056.180715
1661628 62056.181132
1661629 62056.181549
1661630 62056.181965
1661631 62056.182382
1661632 62056.182799
1661633 62056.183215
1661634 62056.183632
1661635 62056.184049
1661636 62056.184465
1661637 62056.184882
1661638 62056.185299
1661639 62056.185715
1661640 62056.186132
1668475 62067.12901
1668476 62067.129426
1668477 62067.129843
1668478 62067.13026
1668479 62067.130676
1668480 62067.131093
1668481 62067.13151
1668482 62067.131926
1668483 62067.132343
1668484 62067.13276
1668485 62067.133176
1668486 62067.133593
1668487 62067.13401
1668488 62067.134426
1668489 62067.134843
1668490 62067.13526
1668491 62067.135676
1668492 62067.136093
1668493 62067.13651
1668494 62067.136926
1670598 62070.130537
1670599 62070.130954
1670600 62070.131371
1670601 62070.131787
1670602 62070.132204
1670603 62070.132621
1670604 62070.133037
1670605 62070.133454
1670606 62070.133871
1670607 62070.134287
1670608 62070.134704
1670609 62070.135121
1670610 62070.135537
1670611 62070.135954
1670612 62070.136371
1670613 62070.136787
1670614 62070.137204
1670615 62070.137621
1670616 62070.138037
1670617 62070.138454
1677538 62082.249513
1677539 62082.24993
1677540 62082.250347
1677541 62082.250763
1677542 62082.25118
1677543 62082.251597
1677544 62082.252013
1677545 62082.25243
1677546 62082.252847
1677547 62082.253263
1677548 62082.25368
1677549 62082.254097
1677550 62082.254513
1677551 62082.25493
1677552 62082.255347
1677553 62082.255763
1677554 62082.25618
1677555 62082.256597
1677556 62082.257013
1677557 62082.25743
1679447 62086.093191
1679448 62086.093607
1679449 62086.094024
1679450 62086.094441
1679451 62086.094857
1679452 62086.095274
1679453 62086.095691
1679454 62086.096107
1679455 62086.096524
1679456 62086.096941
1679457 62086.097357
1679458 62086.097774
1679459 62086.098191
1679460 62086.098607
1679461 62086.099024
1679462 62086.099441
1679463 62086.099857
1679464 62086.100274
1679465 62086.100691
1679466 62086.101107
1687598 62098.070591
1687599 62098.071008
1687600 62098.071425
1687601 62098.071841
1687602 62098.072258
1687603 62098.072675
1687604 62098.073091
1687605 62098.073508
1687606 62098.073925
1687607 62098.074341
1687608 62098.074758
1687609 62098.075175
1687610 62098.075591
1687611 62098.076008000004
1687612 62098.076425
1687613 62098.076841
1687614 62098.077258
1687615 62098.077675
1687616 62098.078091
1687617 62098.078508
1689599 62101.06144
1689600 62101.061856
1689601 62101.062273
1689602 62101.06269
1689603 62101.063106
1689604 62101.063523
1689605 62101.06394
1689606 62101.064356
1689607 62101.064773
1689608 62101.06519
1689609 62101.065606
1689610 62101.066023
1689611 62101.06644
1689612 62101.066856
1689613 62101.067273
1689614 62101.06769
1689615 62101.068106
1689616 62101.068523
1689617 62101.06894
1689618 62101.069356
1695827 62111.116158
1695828 62111.116575
1695829 62111.116991
1695830 62111.117408
1695831 62111.117825
1695832 62111.118241
1695833 62111.118658
1695834 62111.119075
1695835 62111.119491
1695836 62111.119908
1695837 62111.120325
1695838 62111.120741
1695839 62111.121158
1695840 62111.121575
1695841 62111.121991
1695842 62111.122408
1695843 62111.122825
1695844 62111.123241
1695845 62111.123658
1695846 62111.124075
1697914 62114.117048
1697915 62114.117465
1697916 62114.117882
1697917 62114.118298
1697918 62114.118715
1697919 62114.119132
1697920 62114.133437
1697921 62114.13445
1697922 62114.134891
1697923 62114.135322
1697924 62114.135752
1697925 62114.136182
1697926 62114.136612
1697927 62114.137042
1697928 62114.137472
1697929 62114.137901
1697930 62114.138331
1697931 62114.138761
1697932 62114.139191
1697933 62114.13962
1699924 62117.133053
1699925 62117.13347
1699926 62117.133887
1699927 62117.134303
1699928 62117.13472
1699929 62117.135137
1699930 62117.135553
1699931 62117.13597
1699932 62117.136387
1699933 62117.136803
1699934 62117.13722
1699935 62117.137637
1699936 62117.138053
1699937 62117.13847
1699938 62117.138887
1699939 62117.139303
1699940 62117.13972
1699941 62117.140137
1699942 62117.140553
1699943 62117.14097
1707154 62128.076281
1707155 62128.076698
1707156 62128.077115
1707157 62128.077531
1707158 62128.077948
1707159 62128.078365
1707160 62128.078781
1707161 62128.079198
1707162 62128.079615
1707163 62128.080031
1707164 62128.080448
1707165 62128.080865
1707166 62128.09517
1707167 62128.096183
1707168 62128.096624
1707169 62128.097055
1707170 62128.097485
1707171 62128.097915
1707172 62128.098345
1707173 62128.098775
1709188 62131.090989
1709189 62131.091406
1709190 62131.091822
1709191 62131.092239
1709192 62131.092656
1709193 62131.093072
1709194 62131.093489
1709195 62131.093906
1709196 62131.094322
1709197 62131.094739
1709198 62131.095156
1709199 62131.095572
1709200 62131.095989
1709201 62131.096406
1709202 62131.096822
1709203 62131.097239
1709204 62131.097656
1709205 62131.098072
1709206 62131.098489
1709207 62131.098906
1899534 62380.29423
1899535 62380.294646
1899536 62380.295063
1899537 62380.29548
1899538 62380.295896
1899539 62380.296313
1899540 62380.29673
1899541 62380.297146
1899542 62380.297563
1899543 62380.29798
1899544 62380.298396
1899545 62380.298813
1899546 62380.29923
1899547 62380.299646
1899548 62380.300063
1899549 62380.30048
1899550 62380.300896
1899551 62380.301313
1899552 62380.30173
1899553 62380.302146
1909384 62393.280415
1909385 62393.280831
1909386 62393.281248
1909387 62393.281665
1909388 62393.282081
1909389 62393.282498
1909390 62393.282915
1909391 62393.283331
1909392 62393.283748
1909393 62393.284165
1909394 62393.284581
1909395 62393.284998
1909396 62393.285415
1909397 62393.285831
1909398 62393.286248
1909399 62393.286665
1909400 62393.287081
1909401 62393.287498
1909402 62393.287915
1909403 62393.288331
1918347 62408.265618
1918348 62408.266035
1918349 62408.266452
1918350 62408.266868
1918351 62408.267285
1918352 62408.267702
1918353 62408.268118
1918354 62408.268535
1918355 62408.268952
1918356 62408.269368
1918357 62408.269785
1918358 62408.270202
1918359 62408.270618
1918360 62408.271035
1918361 62408.271452
1918362 62408.271868
1918363 62408.272285
1918364 62408.272702
1918365 62408.273118
1918366 62408.273535
1920776 62411.203499
1920777 62411.203916
1920778 62411.204332
1920779 62411.204749
1920780 62411.205166
1920781 62411.205582
1920782 62411.205999
1920783 62411.206416
1920784 62411.206832
1920785 62411.207249
1920786 62411.207666
1920787 62411.208082
1920788 62411.208499
1920789 62411.208916
1920790 62411.209332
1920791 62411.209749
1920792 62411.210166
1920793 62411.210582
1920794 62411.210999
1920795 62411.211416
1930422 62423.353874
1930423 62423.354291
1930424 62423.354708
1930425 62423.355124
1930426 62423.355541
1930427 62423.355958
1930428 62423.356374
1930429 62423.356791
1930430 62423.357208
1930431 62423.357624
1930432 62423.358041
1930433 62423.358458
1930434 62423.358874
1930435 62423.359291
1930436 62423.359708
1930437 62423.360124
1930438 62423.360541
1930439 62423.360958
1930440 62423.361374
1930441 62423.361791
1931768 62425.207881
1931769 62425.208298
1931770 62425.208714
1931771 62425.209131
1931772 62425.209548
1931773 62425.209964
1931774 62425.210381
1931775 62425.210798
1931776 62425.211214
1931777 62425.211631
1931778 62425.212048
1931779 62425.212464
1931780 62425.212881
1931781 62425.213298
1931782 62425.213714
1931783 62425.214131
1931784 62425.214548
1931785 62425.214964
1931786 62425.215381
1931787 62425.215798
1934233 62428.228542
1934234 62428.228959
1934235 62428.229376
1934236 62428.229792
1934237 62428.230209
1934238 62428.230626
1934239 62428.231042
1934240 62428.231459
1934241 62428.231876
1934242 62428.232292
1934243 62428.232709
1934244 62428.233126
1934245 62428.233542
1934246 62428.233959
1934247 62428.234376
1934248 62428.234792
1934249 62428.235209
1934250 62428.235626
1934251 62428.236042
1934252 62428.236459
1939284 62436.124335
1939285 62436.124752
1939286 62436.125169
1939287 62436.125585
1939288 62436.126002
1939289 62436.126419
1939290 62436.126835
1939291 62436.127252
1939292 62436.127669
1939293 62436.128085
1939294 62436.128502
1939295 62436.128919
1939296 62436.129335
1939297 62436.129752
1939298 62436.130169
1939299 62436.130585
1939300 62436.131002
1939301 62436.131419
1939302 62436.131835
1939303 62436.132252
1941620 62439.127944
1941621 62439.128361
1941622 62439.128777
1941623 62439.129194
1941624 62439.129611
1941625 62439.130027
1941626 62439.130444
1941627 62439.130861
1941628 62439.131277
1941629 62439.131694
1941630 62439.132111
1941631 62439.132527
1941632 62439.132944
1941633 62439.133361
1941634 62439.133777
1941635 62439.134194
1941636 62439.134611
1941637 62439.135027
1941638 62439.135444
1941639 62439.135861
1943954 62442.122739
1943955 62442.123155
1943956 62442.123572
1943957 62442.123989
1943958 62442.124405
1943959 62442.124822
1943960 62442.125239
1943961 62442.125655
1943962 62442.126072
1943963 62442.126489
1943964 62442.126905
1943965 62442.127322
1943966 62442.127739
1943967 62442.128155
1943968 62442.128572
1943969 62442.128989
1943970 62442.129405
1943971 62442.129822
1943972 62442.130239
1943973 62442.130655
1946133 62452.094045
1946134 62452.094461
1946135 62452.094878
1946136 62452.095295
1946137 62452.095711
1946138 62452.096128
1946139 62452.096545
1946140 62452.096961
1946141 62452.097378
1946142 62452.097795
1946143 62452.098211
1946144 62452.098628
1946145 62452.099045
1946146 62452.099461
1946147 62452.099878
1946148 62452.100295
1946149 62452.100711
1946150 62452.101128
1946151 62452.101545
1946152 62452.101961
1947258 62455.096184
1947259 62455.096601
1947260 62455.097017
1947261 62455.097434
1947262 62455.097851
1947263 62455.098267
1947264 62455.098684
1947265 62455.099101
1947266 62455.099517
1947267 62455.099934
1947268 62455.100351
1947269 62455.100767
1947270 62455.101184
1947271 62455.101601
1947272 62455.102017
1947273 62455.102434
1947274 62455.102851
1947275 62455.103267
1947276 62455.103684
1947277 62455.104101
1949961 62458.33954
1949962 62458.339956
1949963 62458.340373
1949964 62458.34079
1949965 62458.341206
1949966 62458.341623
1949967 62458.34204
1949968 62458.342456
1949969 62458.342873
1949970 62458.34329
1949971 62458.343706
1949972 62458.344123
1949973 62458.34454
1949974 62458.344956
1949975 62458.345373
1949976 62458.34579
1949977 62458.346206
1949978 62458.346623
1949979 62458.34704
1949980 62458.347456
1953310 62464.061957
1953311 62464.062374
1953312 62464.062791
1953313 62464.063207
1953314 62464.063624
1953315 62464.064041
1953316 62464.064457
1953317 62464.064874
1953318 62464.065291
1953319 62464.065707
1953320 62464.066124
1953321 62464.066541
1953322 62464.066957
1953323 62464.067374
1953324 62464.067791
1953325 62464.068207
1953326 62464.068624
1953327 62464.069041
1953328 62464.069457
1953329 62464.069874
1955486 62467.063549
1955487 62467.063966
1955488 62467.064383
1955489 62467.064799
1955490 62467.065216
1955491 62467.065633
1955492 62467.066049
1955493 62467.066466
1955494 62467.066883
1955495 62467.067299
1955496 62467.067716
1955497 62467.068133
1955498 62467.068549
1955499 62467.068966
1955500 62467.069383
1955501 62467.069799
1955502 62467.070216
1955503 62467.070633
1955504 62467.071049
1955505 62467.071466
1956902 62472.065378
1956903 62472.065794
1956904 62472.066211
1956905 62472.066628
1956906 62472.067044
1956907 62472.067461
1956908 62472.067878
1956909 62472.068294
1956910 62472.068711
1956911 62472.069128
1956912 62472.069544
1956913 62472.069961
1956914 62472.070378
1956915 62472.070794
1956916 62472.071211
1956917 62472.071628
1956918 62472.072044
1956919 62472.072461
1956920 62472.072878
1956921 62472.073294
1963563 62482.072916
1963564 62482.073332
1963565 62482.073749
1963566 62482.074166
1963567 62482.074582
1963568 62482.074999
1963569 62482.075416
1963570 62482.075832
1963571 62482.076249
1963572 62482.076666
1963573 62482.077082
1963574 62482.077499
1963575 62482.077916
1963576 62482.078332
1963577 62482.078749
1963578 62482.079166
1963579 62482.079582
1963580 62482.079999
1963581 62482.080416
1963582 62482.080832
1965625 62485.074114
1965626 62485.074531
1965627 62485.074947
1965628 62485.075364
1965629 62485.075781
1965630 62485.076197
1965631 62485.076614
1965632 62485.077031
1965633 62485.077447
1965634 62485.077864
1965635 62485.078281
1965636 62485.078697
1965637 62485.079114
1965638 62485.079531
1965639 62485.079947
1965640 62485.080364
1965641 62485.080781
1965642 62485.081197
1965643 62485.081614
1965644 62485.082031
1971925 62494.099649
1971926 62494.100066
1971927 62494.100483
1971928 62494.100899
1971929 62494.101316
1971930 62494.101733
1971931 62494.102149
1971932 62494.102566
1971933 62494.102983
1971934 62494.103399
1971935 62494.103816
1971936 62494.104233
1971937 62494.104649
1971938 62494.105066
1971939 62494.105483
1971940 62494.105899
1971941 62494.106316
1971942 62494.106733
1971943 62494.107149
1971944 62494.107566
1973943 62497.091665
1973944 62497.092082
1973945 62497.092498
1973946 62497.092915
1973947 62497.093332
1973948 62497.093748
1973949 62497.094165
1973950 62497.094582
1973951 62497.094998
1973952 62497.095415
1973953 62497.095832
1973954 62497.096248
1973955 62497.096665
1973956 62497.097082
1973957 62497.097498
1973958 62497.097915
1973959 62497.098332
1973960 62497.098748
1973961 62497.099165
1973962 62497.099582
1975969 62500.092287
1975970 62500.092703
1975971 62500.09312
1975972 62500.093537
1975973 62500.093953
1975974 62500.09437
1975975 62500.094787
1975976 62500.095203
1975977 62500.09562
1975978 62500.096037
1975979 62500.096453
1975980 62500.09687
1975981 62500.097287
1975982 62500.097703
1975983 62500.09812
1975984 62500.098537
1975985 62500.098953
1975986 62500.09937
1975987 62500.099787
1975988 62500.100203
2146633 62747.293939
2146634 62747.294355
2146635 62747.294772
2146636 62747.295189
2146637 62747.295605
2146638 62747.296022
2146639 62747.296439
2146640 62747.296855
2146641 62747.297272
2146642 62747.297689
2146643 62747.298105
2146644 62747.298522
2146645 62747.298939
2146646 62747.299355
2146647 62747.299772
2146648 62747.300189
2146649 62747.300605
2146650 62747.301022
2146651 62747.301439
2146652 62747.301855
2148229 62750.252019
2148230 62750.252436
2148231 62750.252852
2148232 62750.253269
2148233 62750.253686
2148234 62750.254102
2148235 62750.254519
2148236 62750.254936
2148237 62750.255352
2148238 62750.255769
2148239 62750.256186
2148240 62750.256602
2148241 62750.257019
2148242 62750.257436
2148243 62750.257852
2148244 62750.258269
2148245 62750.258686
2148246 62750.259102
2148247 62750.259519
2148248 62750.259936
2151123 62753.278404
2151124 62753.27882
2151125 62753.279237
2151126 62753.279654
2151127 62753.28007
2151128 62753.280487
2151129 62753.280904
2151130 62753.28132
2151131 62753.281737
2151132 62753.282154
2151133 62753.28257
2151134 62753.282987
2151135 62753.283404
2151136 62753.28382
2151137 62753.284237
2151138 62753.284654
2151139 62753.28507
2151140 62753.285487
2151141 62753.285904
2151142 62753.28632
2158778 62762.241022
2158779 62762.241439
2158780 62762.241856
2158781 62762.242272
2158782 62762.242689
2158783 62762.243106
2158784 62762.243522
2158785 62762.243939
2158786 62762.244356
2158787 62762.244772
2158788 62762.245189
2158789 62762.245606
2158790 62762.246022
2158791 62762.246439
2158792 62762.246856
2158793 62762.247272
2158794 62762.247689
2158795 62762.248106
2158796 62762.248522
2158797 62762.248939
2161436 62765.236292
2161437 62765.236709
2161438 62765.237126
2161439 62765.237542
2161440 62765.237959
2161441 62765.238376
2161442 62765.238792
2161443 62765.239209
2161444 62765.239626
2161445 62765.240042
2161446 62765.240459
2161447 62765.240876
2161448 62765.241292
2161449 62765.241709
2161450 62765.242126
2161451 62765.242542
2161452 62765.242959
2161453 62765.243376
2161454 62765.243792
2161455 62765.244209
2169832 62777.204281
2169833 62777.204698
2169834 62777.205114
2169835 62777.205531
2169836 62777.205948
2169837 62777.206364
2169838 62777.206781
2169839 62777.207198
2169840 62777.207614
2169841 62777.208031
2169842 62777.208448
2169843 62777.208864
2169844 62777.209281
2169845 62777.209698
2169846 62777.210114
2169847 62777.210531
2169848 62777.210948
2169849 62777.211364
2169850 62777.211781
2169851 62777.212198
2178664 62790.208271
2178665 62790.208687
2178666 62790.209104
2178667 62790.209521
2178668 62790.209937
2178669 62790.210354
2178670 62790.210771
2178671 62790.211187
2178672 62790.211604
2178673 62790.212021
2178674 62790.212437
2178675 62790.212854
2178676 62790.213271
2178677 62790.213687
2178678 62790.214104
2178679 62790.214521
2178680 62790.214937
2178681 62790.215354
2178682 62790.215771
2178683 62790.216187
2180966 62793.132012
2180967 62793.132429
2180968 62793.132846
2180969 62793.133262
2180970 62793.133679
2180971 62793.134096
2180972 62793.134512
2180973 62793.134929
2180974 62793.135346
2180975 62793.135762
2180976 62793.136179
2180977 62793.136596
2180978 62793.137012
2180979 62793.137429
2180980 62793.137846
2180981 62793.138262
2180982 62793.138679
2180983 62793.139096
2180984 62793.139512
2180985 62793.139929
2183178 62796.120172
2183179 62796.120588
2183180 62796.121005
2183181 62796.121422
2183182 62796.121838
2183183 62796.122255
2183184 62796.122672
2183185 62796.123088
2183186 62796.123505
2183187 62796.123922
2183188 62796.124338
2183189 62796.124755
2183190 62796.125172
2183191 62796.125588
2183192 62796.126005
2183193 62796.126422
2183194 62796.126838
2183195 62796.127255
2183196 62796.127672
2183197 62796.128088
2190795 62808.321749
2190796 62808.322166
2190797 62808.322582
2190798 62808.322999
2190799 62808.323416
2190800 62808.323832
2190801 62808.324249
2190802 62808.324666
2190803 62808.325082
2190804 62808.325499
2190805 62808.325916
2190806 62808.326332
2190807 62808.326749
2190808 62808.327166
2190809 62808.327582
2190810 62808.327999
2190811 62808.328416
2190812 62808.328832
2190813 62808.329249
2190814 62808.329666
2191389 62812.29432
2191390 62812.294737
2191391 62812.295153
2191392 62812.29557
2191393 62812.295987
2191394 62812.296403
2191395 62812.29682
2191396 62812.297237
2191397 62812.297653
2191398 62812.29807
2191399 62812.298487
2191400 62812.298903
2191401 62812.29932
2191402 62812.299737
2191403 62812.300153
2191404 62812.30057
2191405 62812.300987
2191406 62812.301403
2191407 62812.30182
2191408 62812.302237
2194883 62819.097189
2194884 62819.097606
2194885 62819.098023
2194886 62819.098439
2194887 62819.098856
2194888 62819.099273
2194889 62819.099689
2194890 62819.100106
2194891 62819.100523
2194892 62819.100939
2194893 62819.101356
2194894 62819.101773
2194895 62819.102189
2194896 62819.102606
2194897 62819.103023
2194898 62819.103439
2194899 62819.103856
2194900 62819.104273
2194901 62819.104689
2194902 62819.105106
2196702 62822.097364
2196703 62822.09778
2196704 62822.098197
2196705 62822.098614
2196706 62822.09903
2196707 62822.099447
2196708 62822.099864
2196709 62822.10028
2196710 62822.100697
2196711 62822.101114
2196712 62822.10153
2196713 62822.101947
2196714 62822.102364
2196715 62822.10278
2196716 62822.103197
2196717 62822.103614
2196718 62822.10403
2196719 62822.104447
2196720 62822.104864
2196721 62822.10528
2198007 62825.103525
2198008 62825.103941
2198009 62825.104358
2198010 62825.104775
2198011 62825.105191
2198012 62825.105608
2198013 62825.106025
2198014 62825.106441
2198015 62825.106858
2198016 62825.107275
2198017 62825.107691
2198018 62825.108108
2198019 62825.108525
2198020 62825.108941
2198021 62825.109358
2198022 62825.109775
2198023 62825.110191
2198024 62825.110608
2198025 62825.111025
2198026 62825.111441
2203808 62835.071597
2203809 62835.072014
2203810 62835.07243
2203811 62835.072847
2203812 62835.073264
2203813 62835.07368
2203814 62835.074097
2203815 62835.074514
2203816 62835.07493
2203817 62835.075347
2203818 62835.075764
2203819 62835.07618
2203820 62835.076597
2203821 62835.077014
2203822 62835.07743
2203823 62835.077847
2203824 62835.078264
2203825 62835.07868
2203826 62835.079097
2203827 62835.079514
2205530 62838.065797
2205531 62838.066213
2205532 62838.06663
2205533 62838.067047
2205534 62838.067463
2205535 62838.06788
2205536 62838.068297
2205537 62838.068713
2205538 62838.06913
2205539 62838.069547
2205540 62838.069963
2205541 62838.07038
2205542 62838.070797
2205543 62838.071213
2205544 62838.07163
2205545 62838.072047
2205546 62838.072463
2205547 62838.07288
2205548 62838.073297
2205549 62838.073713
2211072 62850.072331
2211073 62850.072747
2211074 62850.073164
2211075 62850.073581
2211076 62850.073997
2211077 62850.074414
2211078 62850.074831
2211079 62850.075247
2211080 62850.075664
2211081 62850.076081
2211082 62850.076497
2211083 62850.076914
2211084 62850.077331
2211085 62850.077747
2211086 62850.078164
2211087 62850.078581
2211088 62850.078997
2211089 62850.079414
2211090 62850.079831
2211091 62850.080247
2213258 62853.126375
2213259 62853.126792
2213260 62853.127209
2213261 62853.127625
2213262 62853.128042
2213263 62853.128459
2213264 62853.128875
2213265 62853.129292
2213266 62853.129709
2213267 62853.130125
2213268 62853.130542
2213269 62853.130959
2213270 62853.131375
2213271 62853.131792
2213272 62853.132209
2213273 62853.132625
2213274 62853.133042
2213275 62853.133459
2213276 62853.133875
2213277 62853.134292
2215268 62856.122146
2215269 62856.122563
2215270 62856.12298
2215271 62856.123396
2215272 62856.123813
2215273 62856.12423
2215274 62856.124646
2215275 62856.125063
2215276 62856.12548
2215277 62856.125896
2215278 62856.126313
2215279 62856.12673
2215280 62856.127146
2215281 62856.127563
2215282 62856.12798
2215283 62856.128396
2215284 62856.128813
2215285 62856.12923
2215286 62856.129646
2215287 62856.130063
2219727 62865.141676
2219728 62865.142093
2219729 62865.14251
2219730 62865.142926
2219731 62865.143343
2219732 62865.14376
2219733 62865.144176
2219734 62865.144593
2219735 62865.14501
2219736 62865.145426
2219737 62865.145843
2219738 62865.14626
2219739 62865.146676
2219740 62865.147093
2219741 62865.14751
2219742 62865.147926
2219743 62865.148343
2219744 62865.14876
2219745 62865.149176
2219746 62865.149593
2221667 62868.085451
2221668 62868.085868
2221669 62868.086285
2221670 62868.086701
2221671 62868.087118
2221672 62868.087535
2221673 62868.087951
2221674 62868.088368
2221675 62868.088785
2221676 62868.089201
2221677 62868.089618
2221678 62868.090035
2221679 62868.090451
2221680 62868.090868
2221681 62868.091285
2221682 62868.091701
2221683 62868.092118
2221684 62868.092535
2221685 62868.092951
2221686 62868.093368
2376966 63117.258457
2376967 63117.258874
2376968 63117.259291
2376969 63117.259707
2376970 63117.260124
2376971 63117.260541
2376972 63117.260957
2376973 63117.261374
2376974 63117.261791
2376975 63117.262207
2376976 63117.262624
2376977 63117.263041
2376978 63117.263457
2376979 63117.263874
2376980 63117.264291
2376981 63117.264707
2376982 63117.265124
2376983 63117.265541
2376984 63117.265957
2376985 63117.266374
2379334 63121.259044
2379335 63121.259461
2379336 63121.259878
2379337 63121.260294
2379338 63121.260711
2379339 63121.261128
2379340 63121.261544
2379341 63121.261961
2379342 63121.262378
2379343 63121.262794
2379344 63121.263211
2379345 63121.263628
2379346 63121.264044
2379347 63121.264461
2379348 63121.264878
2379349 63121.265294
2379350 63121.265711
2379351 63121.266128
2379352 63121.266544
2379353 63121.266961
2385591 63131.204206
2385592 63131.204623
2385593 63131.205039
2385594 63131.205456
2385595 63131.205873
2385596 63131.206289
2385597 63131.206706
2385598 63131.207123
2385599 63131.207539
2385600 63131.207956
2385601 63131.208373
2385602 63131.208789
2385603 63131.209206
2385604 63131.209623
2385605 63131.210039
2385606 63131.210456
2385607 63131.210873
2385608 63131.211289
2385609 63131.211706
2385610 63131.212123
2388711 63136.192424
2388712 63136.19284
2388713 63136.193257
2388714 63136.193674
2388715 63136.19409
2388716 63136.194507
2388717 63136.194924
2388718 63136.19534
2388719 63136.195757
2388720 63136.196174
2388721 63136.19659
2388722 63136.197007
2388723 63136.197424
2388724 63136.19784
2388725 63136.198257
2388726 63136.198674
2388727 63136.19909
2388728 63136.199507
2388729 63136.199924
2388730 63136.20034
2394269 63145.247611
2394270 63145.248028
2394271 63145.248444
2394272 63145.248861
2394273 63145.249278
2394274 63145.249694
2394275 63145.250111
2394276 63145.250528
2394277 63145.250944
2394278 63145.251361
2394279 63145.251778
2394280 63145.252194
2394281 63145.252611
2394282 63145.253028
2394283 63145.253444
2394284 63145.253861
2394285 63145.254278
2394286 63145.254694
2394287 63145.255111
2394288 63145.255528
2396695 63148.192743
2396696 63148.193159
2396697 63148.193576
2396698 63148.193993
2396699 63148.194409
2396700 63148.194826
2396701 63148.195243
2396702 63148.195659
2396703 63148.196076
2396704 63148.196493
2396705 63148.196909
2396706 63148.197326
2396707 63148.197743
2396708 63148.198159
2396709 63148.198576
2396710 63148.198993
2396711 63148.199409
2396712 63148.199826
2396713 63148.200243
2396714 63148.200659
2399173 63151.184019
2399174 63151.184436
2399175 63151.184853
2399176 63151.185269
2399177 63151.185686
2399178 63151.186103
2399179 63151.186519
2399180 63151.186936
2399181 63151.187353
2399182 63151.187769
2399183 63151.188186
2399184 63151.188603
2399185 63151.189019
2399186 63151.189436
2399187 63151.189853
2399188 63151.190269
2399189 63151.190686
2399190 63151.191103
2399191 63151.191519
2399192 63151.191936
2408420 63162.298487
2408421 63162.298904
2408422 63162.299321
2408423 63162.299737
2408424 63162.300154
2408425 63162.300571
2408426 63162.300987
2408427 63162.301404
2408428 63162.301821
2408429 63162.302237
2408430 63162.302654
2408431 63162.303071
2408432 63162.303487
2408433 63162.303904
2408434 63162.304321
2408435 63162.304737
2408436 63162.305154
2408437 63162.305571
2408438 63162.305987
2408439 63162.306404
2410495 63165.114096
2410496 63165.114513
2410497 63165.11493
2410498 63165.115346
2410499 63165.115763
2410500 63165.11618
2410501 63165.116596
2410502 63165.117013
2410503 63165.11743
2410504 63165.117846
2410505 63165.118263
2410506 63165.11868
2410507 63165.119096
2410508 63165.119513
2410509 63165.11993
2410510 63165.120346
2410511 63165.120763
2410512 63165.12118
2410513 63165.121596
2410514 63165.122013
2417132 63181.093203
2417133 63181.093619
2417134 63181.094036
2417135 63181.094453
2417136 63181.094869
2417137 63181.095286
2417138 63181.095703
2417139 63181.096119
2417140 63181.096536
2417141 63181.096953
2417142 63181.097369
2417143 63181.097786
2417144 63181.098203
2417145 63181.098619
2417146 63181.099036
2417147 63181.099453
2417148 63181.099869
2417149 63181.100286
2417150 63181.100703
2417151 63181.101119
2423685 63191.081424
2423686 63191.081841
2423687 63191.082257
2423688 63191.082674
2423689 63191.083091
2423690 63191.083507
2423691 63191.083924
2423692 63191.084341
2423693 63191.084757
2423694 63191.085174
2423695 63191.085591
2423696 63191.086007
2423697 63191.086424
2423698 63191.086841
2423699 63191.087257
2423700 63191.087674
2423701 63191.088091
2423702 63191.088507
2423703 63191.088924
2423704 63191.089341
2425783 63194.059035
2425784 63194.059452
2425785 63194.059869
2425786 63194.060285
2425787 63194.060702
2425788 63194.061119
2425789 63194.061535
2425790 63194.061952
2425791 63194.062369
2425792 63194.062785
2425793 63194.063202
2425794 63194.063619
2425795 63194.064035
2425796 63194.064452
2425797 63194.064869
2425798 63194.065285
2425799 63194.065702
2425800 63194.066119
2425801 63194.066535
2425802 63194.066952
2431521 63203.067979
2431522 63203.068396
2431523 63203.068813
2431524 63203.069229
2431525 63203.069646
2431526 63203.070063
2431527 63203.070479
2431528 63203.070896
2431529 63203.071313
2431530 63203.071729
2431531 63203.072146
2431532 63203.072563
2431533 63203.072979
2431534 63203.073396
2431535 63203.073813
2431536 63203.074229
2431537 63203.074646
2431538 63203.075063
2431539 63203.075479
2431540 63203.075896
2433618 63206.067105
2433619 63206.067522
2433620 63206.067939
2433621 63206.068355
2433622 63206.068772
2433623 63206.069189
2433624 63206.069605
2433625 63206.070022
2433626 63206.070439
2433627 63206.070855
2433628 63206.071272
2433629 63206.071689
2433630 63206.072105
2433631 63206.072522
2433632 63206.072939
2433633 63206.073355
2433634 63206.073772
2433635 63206.074189
2433636 63206.074605
2433637 63206.075022
2435665 63209.06886
2435666 63209.069276
2435667 63209.069693
2435668 63209.07011
2435669 63209.070526
2435670 63209.070943
2435671 63209.07136
2435672 63209.071776
2435673 63209.072193
2435674 63209.07261
2435675 63209.073026
2435676 63209.073443
2435677 63209.07386
2435678 63209.074276
2435679 63209.074693
2435680 63209.07511
2435681 63209.075526
2435682 63209.075943
2435683 63209.07636
2435684 63209.076776
2441847 63220.074529
2441848 63220.074946
2441849 63220.075362
2441850 63220.075779
2441851 63220.076196
2441852 63220.076612
2441853 63220.077029
2441854 63220.077446
2441855 63220.077862
2441856 63220.078279
2441857 63220.078696
2441858 63220.079112
2441859 63220.079529
2441860 63220.079946
2441861 63220.080362
2441862 63220.080779
2441863 63220.081196
2441864 63220.081612
2441865 63220.082029
2441866 63220.082446
2443845 63223.075427
2443846 63223.075843
2443847 63223.07626
2443848 63223.076677
2443849 63223.077093
2443850 63223.07751
2443851 63223.077927
2443852 63223.078343
2443853 63223.07876
2443854 63223.079177
2443855 63223.079593
2443856 63223.08001
2443857 63223.080427
2443858 63223.080843
2443859 63223.08126
2443860 63223.081677
2443861 63223.082093
2443862 63223.08251
2443863 63223.082927
2443864 63223.097232
