obsHistID expMJD
250 59580.149254
251 59580.149671
252 59580.150088
253 59580.150504
254 59580.150921
255 59580.151338
256 59580.151754
257 59580.152171
258 59580.152588
259 59580.153004
185615 59825.265743
185616 59825.266159
185617 59825.266576
185618 59825.266993
185619 59825.267409
185620 59825.267826
185621 59825.268243
185622 59825.268659
185623 59825.269076
185624 59825.269493
192915 59839.221783
192916 59839.2222
192917 59839.222617
192918 59839.223033
192919 59839.22345
192920 59839.223867
192921 59839.224283
192922 59839.2247
192923 59839.225117
192924 59839.225533
195549 59842.204511
195550 59842.204928
195551 59842.205345
195552 59842.205761
195553 59842.206178
195554 59842.206595
195555 59842.207011
195556 59842.207428
195557 59842.207845
195558 59842.208261
202460 59854.214662
202461 59854.215079
202462 59854.215495
202463 59854.215912
202464 59854.216329
202465 59854.216745
202466 59854.217162
202467 59854.217579
202468 59854.217995
202469 59854.218412
204407 59857.193693
204408 59857.19411
204409 59857.194526
204410 59857.194943
204411 59857.19536
204412 59857.195776
204413 59857.196193
204414 59857.19661
204415 59857.197026
204416 59857.197443
211970 59867.165757
211971 59867.166173
211972 59867.16659
211973 59867.167007
211974 59867.167423
211975 59867.16784
211976 59867.168257
211977 59867.168673
211978 59867.16909
211979 59867.169507
214335 59870.157806
214336 59870.158222
214337 59870.158639
214338 59870.159056
214339 59870.159472
214340 59870.159889
214341 59870.160306
214342 59870.160722
214343 59870.161139
214344 59870.161556
216768 59873.149984
216769 59873.150401
216770 59873.150818
216771 59873.151234
216772 59873.151651
216773 59873.152068
216774 59873.152484
216775 59873.152901
216776 59873.153318
216777 59873.153734
225477 59884.134926
225478 59884.135343
225479 59884.135759
225480 59884.136176
225481 59884.136593
225482 59884.137009
225483 59884.137426
225484 59884.137843
225485 59884.138259
225486 59884.138676
227735 59887.10084
227736 59887.101256
227737 59887.101673
227738 59887.10209
227739 59887.102506
227740 59887.102923
227741 59887.10334
227742 59887.103756
227743 59887.104173
227744 59887.10459
229223 59896.089666
229224 59896.090083
229225 59896.090499
229226 59896.090916
229227 59896.091333
229228 59896.091749
229229 59896.092166
229230 59896.092583
229231 59896.092999
229232 59896.093416
231432 59899.091173
231433 59899.09159
231434 59899.092007
231435 59899.092423
231436 59899.09284
231437 59899.093257
231438 59899.093673
231439 59899.09409
231440 59899.094507
231441 59899.094923
233531 59902.050274
233532 59902.05069
233533 59902.051107
233534 59902.051524
233535 59902.05194
233536 59902.052357
233537 59902.052774
233538 59902.05319
233539 59902.053607
233540 59902.054024
242005 59913.250369
242006 59913.250786
242007 59913.251203
242008 59913.251619
242009 59913.252036
242010 59913.252453
242011 59913.252869
242012 59913.253286
242013 59913.253703
242014 59913.254119
243740 59916.060168
243741 59916.060584
243742 59916.061001
243743 59916.061418
243744 59916.061834
243745 59916.062251
243746 59916.062668
243747 59916.063084
243748 59916.063501
243749 59916.063918
249464 59924.064659
249465 59924.065076
249466 59924.065493
249467 59924.065909
249468 59924.066326
249469 59924.066743
249470 59924.067159
249471 59924.067576
249472 59924.067993
249473 59924.068409
250884 59927.06612
250885 59927.066536
250886 59927.066953
250887 59927.06737
250888 59927.067786
250889 59927.068203
250890 59927.06862
250891 59927.069036
250892 59927.069453
250893 59927.06987
252951 59930.067664
252952 59930.068081
252953 59930.068498
252954 59930.068914
252955 59930.069331
252956 59930.069748
252957 59930.070164
252958 59930.070581
252959 59930.070998
252960 59930.071414
254934 59933.068991
254935 59933.069408
254936 59933.069825
254937 59933.070241
254938 59933.070658
254939 59933.071075
254940 59933.071491
254941 59933.071908
254942 59933.072325
254943 59933.072741
260454 59942.086984
260455 59942.087401
260456 59942.087818
260457 59942.088234
260458 59942.088651
260459 59942.089068
260460 59942.089484
260461 59942.089901
260462 59942.090318
260463 59942.090734
262547 59945.082709
262548 59945.083126
262549 59945.083542
262550 59945.083959
262551 59945.084376
262552 59945.084792
262553 59945.085209
262554 59945.085626
262555 59945.086042
262556 59945.086459
427540 60192.298721
427541 60192.299137
427542 60192.299554
427543 60192.299971
427544 60192.300387
427545 60192.300804
427546 60192.301221
427547 60192.301637
427548 60192.302054
427549 60192.302471
429152 60195.24006
429153 60195.240477
429154 60195.240893
429155 60195.24131
429156 60195.241727
429157 60195.242143
429158 60195.24256
429159 60195.242977
429160 60195.243393
429161 60195.24381
439140 60209.23386
439141 60209.234276
439142 60209.234693
439143 60209.23511
439144 60209.235526
439145 60209.235943
439146 60209.23636
439147 60209.236776
439148 60209.237193
439149 60209.23761
441815 60212.22046
441816 60212.220877
441817 60212.221293
441818 60212.22171
441819 60212.222127
441820 60212.222543
441821 60212.22296
441822 60212.223377
441823 60212.223793
441824 60212.22421
447546 60223.20055
447547 60223.200967
447548 60223.201384
447549 60223.2018
447550 60223.202217
447551 60223.202634
447552 60223.20305
447553 60223.203467
447554 60223.203884
447555 60223.2043
449256 60226.277815
449257 60226.278232
449258 60226.278649
449259 60226.279065
449260 60226.279482
449261 60226.279899
449262 60226.280315
449263 60226.280732
449264 60226.281149
449265 60226.281565
455357 60238.278386
455358 60238.278803
455359 60238.27922
455360 60238.279636
455361 60238.280053
455362 60238.28047
455363 60238.280886
455364 60238.281303
455365 60238.28172
455366 60238.282136
457521 60241.139969
457522 60241.140386
457523 60241.140802
457524 60241.141219
457525 60241.141636
457526 60241.142052
457527 60241.142469
457528 60241.142886
457529 60241.143302
457530 60241.143719
470418 60267.050046
470419 60267.050463
470420 60267.05088
470421 60267.051296
470422 60267.051713
470423 60267.05213
470424 60267.052546
470425 60267.052963
470426 60267.05338
470427 60267.053796
472764 60270.113932
472765 60270.114349
472766 60270.114766
472767 60270.115182
472768 60270.115599
472769 60270.116016
472770 60270.116432
472771 60270.116849
472772 60270.117266
472773 60270.117682
478571 60278.058192
478572 60278.058609
478573 60278.059026
478574 60278.059442
478575 60278.059859
478576 60278.060276
478577 60278.060692
478578 60278.061109
478579 60278.061526
478580 60278.061942
480703 60281.06097
480704 60281.061386
480705 60281.061803
480706 60281.06222
480707 60281.062636
480708 60281.063053
480709 60281.06347
480710 60281.063886
480711 60281.064303
480712 60281.06472
482833 60284.061435
482834 60284.061852
482835 60284.062268
482836 60284.062685
482837 60284.063102
482838 60284.063518
482839 60284.063935
482840 60284.064352
482841 60284.064768
482842 60284.065185
484586 60287.063406
484587 60287.063823
484588 60287.064239
484589 60287.064656
484590 60287.065073
484591 60287.065489
484592 60287.065906
484593 60287.066323
484594 60287.066739
484595 60287.067156
490020 60297.122647
490021 60297.123063
490022 60297.12348
490023 60297.123897
490024 60297.124313
490025 60297.12473
490026 60297.125147
490027 60297.125563
490028 60297.12598
490029 60297.126397
490598 60300.069789
490599 60300.070206
490600 60300.070623
490601 60300.071039
490602 60300.071456
490603 60300.071873
490604 60300.072289
490605 60300.072706
490606 60300.073123
490607 60300.073539
664577 60567.228879
664578 60567.229296
664579 60567.229712
664580 60567.230129
664581 60567.230546
664582 60567.230962
664583 60567.231379
664584 60567.231796
664585 60567.232212
664586 60567.232629
671678 60578.280324
671679 60578.280741
671680 60578.281158
671681 60578.281574
671682 60578.281991
671683 60578.282408
671684 60578.282824
671685 60578.283241
671686 60578.283658
671687 60578.284074
674124 60581.183619
674125 60581.184036
674126 60581.184453
674127 60581.184869
674128 60581.185286
674129 60581.185703
674130 60581.186119
674131 60581.186536
674132 60581.186953
674133 60581.187369
684488 60593.17394
684489 60593.174356
684490 60593.174773
684491 60593.17519
684492 60593.175606
684493 60593.176023
684494 60593.17644
684495 60593.176856
684496 60593.177273
684497 60593.17769
686489 60596.187712
686490 60596.188129
686491 60596.188545
686492 60596.188962
686493 60596.189379
686494 60596.189795
686495 60596.190212
686496 60596.190629
686497 60596.191045
686498 60596.191462
693890 60605.143744
693891 60605.144161
693892 60605.144577
693893 60605.144994
693894 60605.145411
693895 60605.145827
693896 60605.146244
693897 60605.146661
693898 60605.147077
693899 60605.147494
696266 60608.136502
696267 60608.136919
696268 60608.137335
696269 60608.137752
696270 60608.138169
696271 60608.138585
696272 60608.139002
696273 60608.139419
696274 60608.139835
696275 60608.140252
698641 60611.128471
698642 60611.128888
698643 60611.129305
698644 60611.129721
698645 60611.130138
698646 60611.130555
698647 60611.130971
698648 60611.131388
698649 60611.131805
698650 60611.132221
704765 60621.132065
704766 60621.132482
704767 60621.132899
704768 60621.133315
704769 60621.133732
704770 60621.134149
704771 60621.134565
704772 60621.134982
704773 60621.135399
704774 60621.135815
706942 60624.087873
706943 60624.08829
706944 60624.088706
706945 60624.089123
706946 60624.08954
706947 60624.089956
706948 60624.090373
706949 60624.09079
706950 60624.091206
706951 60624.091623
709667 60627.28586
709668 60627.286277
709669 60627.286694
709670 60627.28711
709671 60627.287527
709672 60627.287944
709673 60627.28836
709674 60627.288777
709675 60627.289194
709676 60627.28961
712901 60632.045762
712902 60632.046179
712903 60632.046596
712904 60632.047012
712905 60632.047429
712906 60632.047846
712907 60632.048262
712908 60632.048679
712909 60632.049096
712910 60632.049512
715136 60635.052626
715137 60635.053043
715138 60635.05346
715139 60635.053876
715140 60635.054293
715141 60635.05471
715142 60635.055126
715143 60635.055543
715144 60635.05596
715145 60635.056376
716603 60640.056144
716604 60640.05656
716605 60640.056977
716606 60640.057394
716607 60640.05781
716608 60640.058227
716609 60640.058644
716610 60640.05906
716611 60640.059477
716612 60640.059894
724663 60651.143226
724664 60651.143643
724665 60651.144059
724666 60651.144476
724667 60651.144893
724668 60651.145309
724669 60651.145726
724670 60651.146143
724671 60651.146559
724672 60651.146976
726634 60654.065448
726635 60654.065865
726636 60654.066282
726637 60654.066698
726638 60654.067115
726639 60654.067532
726640 60654.067948
726641 60654.068365
726642 60654.068782
726643 60654.069198
732190 60662.150832
732191 60662.151249
732192 60662.151665
732193 60662.152082
732194 60662.152499
732195 60662.152915
732196 60662.153332
732197 60662.153749
732198 60662.154165
732199 60662.154582
734117 60665.069451
734118 60665.069867
734119 60665.070284
734120 60665.070701
734121 60665.071117
734122 60665.071534
734123 60665.071951
734124 60665.072367
734125 60665.072784
734126 60665.073201
736164 60668.0704
736165 60668.070817
736166 60668.071234
736167 60668.07165
736168 60668.072067
736169 60668.072484
736170 60668.0729
736171 60668.073317
736172 60668.073734
736173 60668.07415
917292 60919.346109
917293 60919.346526
917294 60919.346943
917295 60919.347359
917296 60919.347776
917297 60919.348193
917298 60919.348609
917299 60919.349026
917300 60919.349443
917301 60919.349859
920444 60933.280625
920445 60933.281042
920446 60933.281458
920447 60933.281875
920448 60933.282292
920449 60933.282708
920450 60933.283125
920451 60933.283542
920452 60933.283958
920453 60933.284375
932994 60947.208172
932995 60947.208589
932996 60947.209005
932997 60947.209422
932998 60947.209839
932999 60947.210255
933000 60947.210672
933001 60947.211089
933002 60947.211505
933003 60947.211922
934715 60950.20044
934716 60950.200856
934717 60950.201273
934718 60950.20169
934719 60950.202106
934720 60950.202523
934721 60950.20294
934722 60950.203356
934723 60950.203773
934724 60950.20419
941687 60959.246856
941688 60959.247273
941689 60959.24769
941690 60959.248106
941691 60959.248523
941692 60959.24894
941693 60959.249356
941694 60959.249773
941695 60959.25019
941696 60959.250606
943927 60962.138576
943928 60962.138992
943929 60962.139409
943930 60962.139826
943931 60962.140242
943932 60962.140659
943933 60962.141076
943934 60962.141492
943935 60962.141909
943936 60962.142326
946395 60965.131576
946396 60965.131993
946397 60965.132409
946398 60965.132826
946399 60965.133243
946400 60965.133659
946401 60965.134076
946402 60965.134493
946403 60965.134909
946404 60965.135326
952787 60975.125366
952788 60975.125783
952789 60975.126199
952790 60975.126616
952791 60975.127033
952792 60975.127449
952793 60975.127866
952794 60975.128283
952795 60975.128699
952796 60975.129116
955137 60978.127096
955138 60978.127513
955139 60978.12793
955140 60978.128346
955141 60978.128763
955142 60978.12918
955143 60978.129596
955144 60978.130013
955145 60978.13043
955146 60978.130846
956849 60981.128592
956850 60981.129009
956851 60981.129425
956852 60981.129842
956853 60981.130259
956854 60981.130675
956855 60981.131092
956856 60981.131509
956857 60981.131925
956858 60981.132342
959419 60992.089255
959420 60992.089672
959421 60992.090088
959422 60992.090505
959423 60992.090922
959424 60992.091338
959425 60992.091755
959426 60992.092172
959427 60992.092588
959428 60992.093005
969038 61006.065117
969039 61006.065533
969040 61006.06595
969041 61006.066367
969042 61006.066783
969043 61006.0672
969044 61006.067617
969045 61006.068033
969046 61006.06845
969047 61006.068867
970421 61009.058493
970422 61009.058909
970423 61009.059326
970424 61009.059743
970425 61009.060159
970426 61009.060576
970427 61009.060993
970428 61009.061409
970429 61009.061826
970430 61009.062243
975337 61016.112262
975338 61016.112679
975339 61016.113096
975340 61016.113512
975341 61016.113929
975342 61016.114346
975343 61016.114762
975344 61016.115179
975345 61016.115596
975346 61016.116012
976722 61019.111161
976723 61019.111578
976724 61019.111994
976725 61019.112411
976726 61019.112828
976727 61019.113244
976728 61019.113661
976729 61019.114078
976730 61019.114494
976731 61019.114911
978779 61022.127489
978780 61022.127905
978781 61022.128322
978782 61022.128739
978783 61022.129155
978784 61022.129572
978785 61022.129989
978786 61022.130405
978787 61022.130822
978788 61022.131239
988548 61036.071623
988549 61036.085929
988550 61036.086936
988551 61036.087376
988552 61036.087807
988553 61036.088237
988554 61036.088667
988555 61036.089097
988556 61036.089527
988557 61036.089956
990646 61039.086659
990647 61039.087076
990648 61039.087493
990649 61039.087909
990650 61039.088326
990651 61039.088743
990652 61039.089159
990653 61039.089576
990654 61039.089993
990655 61039.090409
994140 61044.074105
994141 61044.074522
994142 61044.074939
994143 61044.075355
994144 61044.075772
994145 61044.076189
994146 61044.076605
994147 61044.077022
994148 61044.077439
994149 61044.077855
995555 61047.073103
995556 61047.073519
995557 61047.073936
995558 61047.074353
995559 61047.074769
995560 61047.075186
995561 61047.075603
995562 61047.076019
995563 61047.076436
995564 61047.076853
996942 61050.073444
996943 61050.07386
996944 61050.074277
996945 61050.074694
996946 61050.07511
996947 61050.075527
996948 61050.075944
996949 61050.07636
996950 61050.076777
996951 61050.077194
997662 61054.073315
997663 61054.073731
997664 61054.074148
997665 61054.074565
997666 61054.074981
997667 61054.075398
997668 61054.075815
997669 61054.076231
997670 61054.076648
997671 61054.077065
1170850 61302.203513
1170851 61302.20393
1170852 61302.204346
1170853 61302.204763
1170854 61302.20518
1170855 61302.205596
1170856 61302.206013
1170857 61302.20643
1170858 61302.206846
1170859 61302.207263
1173524 61305.231141
1173525 61305.231558
1173526 61305.231974
1173527 61305.232391
1173528 61305.232808
1173529 61305.233224
1173530 61305.233641
1173531 61305.234058
1173532 61305.234474
1173533 61305.234891
1176532 61308.378642
1176533 61308.379059
1176534 61308.379475
1176535 61308.379892
1176536 61308.380309
1176537 61308.380725
1176538 61308.381142
1176539 61308.381559
1176540 61308.381975
1176541 61308.382392
1181576 61314.270112
1181577 61314.270528
1181578 61314.270945
1181579 61314.271362
1181580 61314.271778
1181581 61314.272195
1181582 61314.272612
1181583 61314.273028
1181584 61314.273445
1181585 61314.273862
1183949 61317.166596
1183950 61317.167012
1183951 61317.167429
1183952 61317.167846
1183953 61317.168262
1183954 61317.168679
1183955 61317.169096
1183956 61317.169512
1183957 61317.169929
1183958 61317.170346
1194531 61330.171829
1194532 61330.172246
1194533 61330.172662
1194534 61330.173079
1194535 61330.173496
1194536 61330.173912
1194537 61330.174329
1194538 61330.174746
1194539 61330.175162
1194540 61330.175579
1196902 61333.168657
1196903 61333.169074
1196904 61333.16949
1196905 61333.169907
1196906 61333.170324
1196907 61333.17074
1196908 61333.171157
1196909 61333.171574
1196910 61333.17199
1196911 61333.172407
1198561 61336.203223
1198562 61336.20364
1198563 61336.204057
1198564 61336.204473
1198565 61336.20489
1198566 61336.205307
1198567 61336.205723
1198568 61336.20614
1198569 61336.206557
1198570 61336.206973
1203210 61344.127993
1203211 61344.12841
1203212 61344.128826
1203213 61344.129243
1203214 61344.12966
1203215 61344.130076
1203216 61344.130493
1203217 61344.13091
1203218 61344.131326
1203219 61344.131743
1204024 61348.130037
1204025 61348.130454
1204026 61348.130871
1204027 61348.131287
1204028 61348.131704
1204029 61348.132121
1204030 61348.132537
1204031 61348.132954
1204032 61348.133371
1204033 61348.133787
1208199 61359.090306
1208200 61359.090723
1208201 61359.09114
1208202 61359.091556
1208203 61359.091973
1208204 61359.09239
1208205 61359.092806
1208206 61359.093223
1208207 61359.09364
1208208 61359.094056
1210331 61362.0923
1210332 61362.092717
1210333 61362.093133
1210334 61362.09355
1210335 61362.093967
1210336 61362.094383
1210337 61362.0948
1210338 61362.095217
1210339 61362.095633
1210340 61362.09605
1212508 61365.119861
1212509 61365.120277
1212510 61365.120694
1212511 61365.121111
1212512 61365.121527
1212513 61365.121944
1212514 61365.122361
1212515 61365.122777
1212516 61365.123194
1212517 61365.123611
1215960 61370.055014
1215961 61370.055431
1215962 61370.055847
1215963 61370.056264
1215964 61370.056681
1215965 61370.057097
1215966 61370.057514
1215967 61370.057931
1215968 61370.058347
1215969 61370.058764
1218135 61373.057176
1218136 61373.057592
1218137 61373.058009
1218138 61373.058426
1218139 61373.058842
1218140 61373.059259
1218141 61373.059676
1218142 61373.060092
1218143 61373.060509
1218144 61373.060926
1220278 61376.059285
1220279 61376.059702
1220280 61376.060118
1220281 61376.060535
1220282 61376.060952
1220283 61376.061368
1220284 61376.061785
1220285 61376.062202
1220286 61376.062618
1220287 61376.063035
1228639 61389.066562
1228640 61389.066979
1228641 61389.067395
1228642 61389.067812
1228643 61389.068229
1228644 61389.068645
1228645 61389.069062
1228646 61389.069479
1228647 61389.069895
1228648 61389.070312
1230359 61392.068321
1230360 61392.068737
1230361 61392.069154
1230362 61392.069571
1230363 61392.069987
1230364 61392.070404
1230365 61392.070821
1230366 61392.071237
1230367 61392.071654
1230368 61392.072071
1235296 61406.145193
1235297 61406.14561
1235298 61406.146026
1235299 61406.146443
1235300 61406.14686
1235301 61406.147276
1235302 61406.147693
1235303 61406.14811
1235304 61406.148526
1235305 61406.148943
1412295 61656.250799
1412296 61656.251216
1412297 61656.251632
1412298 61656.252049
1412299 61656.252466
1412300 61656.252882
1412301 61656.253299
1412302 61656.253716
1412303 61656.254132
1412304 61656.254549
1414036 61672.388661
1414037 61672.389077
1414038 61672.389494
1414039 61672.389911
1414040 61672.390327
1414041 61672.390744
1414042 61672.391161
1414043 61672.391577
1414044 61672.391994
1414045 61672.392411
1422662 61685.231311
1422663 61685.231728
1422664 61685.232144
1422665 61685.232561
1422666 61685.232978
1422667 61685.233394
1422668 61685.233811
1422669 61685.234228
1422670 61685.234644
1422671 61685.235061
1425078 61688.18052
1425079 61688.180937
1425080 61688.181353
1425081 61688.18177
1425082 61688.182187
1425083 61688.182603
1425084 61688.18302
1425085 61688.183437
1425086 61688.183853
1425087 61688.18427
1427623 61691.311581
1427624 61691.311997
1427625 61691.312414
1427626 61691.312831
1427627 61691.313247
1427628 61691.313664
1427629 61691.314081
1427630 61691.314497
1427631 61691.314914
1427632 61691.315331
1433144 61698.166364
1433145 61698.166781
1433146 61698.167197
1433147 61698.167614
1433148 61698.168031
1433149 61698.168447
1433150 61698.168864
1433151 61698.169281
1433152 61698.169697
1433153 61698.170114
1434693 61701.14455
1434694 61701.144967
1434695 61701.145383
1434696 61701.1458
1434697 61701.146217
1434698 61701.146633
1434699 61701.14705
1434700 61701.147467
1434701 61701.147883
1434702 61701.1483
1436077 61704.171516
1436078 61704.171933
1436079 61704.172349
1436080 61704.172766
1436081 61704.173183
1436082 61704.173599
1436083 61704.174016
1436084 61704.174433
1436085 61704.174849
1436086 61704.175266
1446168 61725.09985
1446169 61725.100267
1446170 61725.100683
1446171 61725.1011
1446172 61725.101517
1446173 61725.101933
1446174 61725.10235
1446175 61725.102767
1446176 61725.103183
1446177 61725.1036
1448368 61728.097678
1448369 61728.098095
1448370 61728.098512
1448371 61728.098928
1448372 61728.099345
1448373 61728.099762
1448374 61728.100178
1448375 61728.100595
1448376 61728.101012
1448377 61728.101428
1450523 61731.099467
1450524 61731.099883
1450525 61731.1003
1450526 61731.100717
1450527 61731.101133
1450528 61731.10155
1450529 61731.101967
1450530 61731.102383
1450531 61731.1028
1450532 61731.103217
1458829 61744.061147
1458830 61744.061563
1458831 61744.06198
1458832 61744.062397
1458833 61744.062813
1458834 61744.06323
1458835 61744.063647
1458836 61744.064063
1458837 61744.06448
1458838 61744.064897
1460890 61747.062654
1460891 61747.063071
1460892 61747.063488
1460893 61747.063904
1460894 61747.064321
1460895 61747.064738
1460896 61747.065154
1460897 61747.065571
1460898 61747.065988
1460899 61747.066404
1466548 61755.130666
1466549 61755.131082
1466550 61755.131499
1466551 61755.131916
1466552 61755.132332
1466553 61755.132749
1466554 61755.133166
1466555 61755.133582
1466556 61755.133999
1466557 61755.134416
1468617 61758.119167
1468618 61758.119584
1468619 61758.12
1468620 61758.120417
1468621 61758.120834
1468622 61758.12125
1468623 61758.121667
1468624 61758.122084
1468625 61758.1225
1468626 61758.122917
1470516 61762.207986
1470517 61762.208403
1470518 61762.208819
1470519 61762.209236
1470520 61762.209653
1470521 61762.210069
1470522 61762.210486
1470523 61762.210903
1470524 61762.211319
1470525 61762.211736
1632305 62014.306604
1632306 62014.30702
1632307 62014.307437
1632308 62014.307854
1632309 62014.30827
1632310 62014.308687
1632311 62014.309104
1632312 62014.30952
1632313 62014.309937
1632314 62014.310354
1636976 62026.298528
1636977 62026.298945
1636978 62026.299361
1636979 62026.299778
1636980 62026.300195
1636981 62026.300611
1636982 62026.301028
1636983 62026.301445
1636984 62026.301861
1636985 62026.302278
1639316 62029.21704
1639317 62029.217457
1639318 62029.217873
1639319 62029.21829
1639320 62029.218707
1639321 62029.219123
1639322 62029.21954
1639323 62029.219957
1639324 62029.220373
1639325 62029.22079
1650403 62042.202785
1650404 62042.203201
1650405 62042.203618
1650406 62042.204035
1650407 62042.204451
1650408 62042.204868
1650409 62042.205285
1650410 62042.205701
1650411 62042.206118
1650412 62042.206535
1652674 62045.301839
1652675 62045.302256
1652676 62045.302672
1652677 62045.303089
1652678 62045.303506
1652679 62045.303922
1652680 62045.304339
1652681 62045.304756
1652682 62045.305172
1652683 62045.305589
1659251 62053.159844
1659252 62053.16026
1659253 62053.160677
1659254 62053.161094
1659255 62053.16151
1659256 62053.161927
1659257 62053.162344
1659258 62053.16276
1659259 62053.163177
1659260 62053.163594
1661611 62056.172683
1661612 62056.1731
1661613 62056.173516
1661614 62056.173933
1661615 62056.17435
1661616 62056.174766
1661617 62056.175183
1661618 62056.1756
1661619 62056.176016
1661620 62056.176433
1668465 62067.123477
1668466 62067.123894
1668467 62067.124311
1668468 62067.124727
1668469 62067.125144
1668470 62067.125561
1668471 62067.125977
1668472 62067.126394
1668473 62067.126811
1668474 62067.127227
1670588 62070.125005
1670589 62070.125421
1670590 62070.125838
1670591 62070.126255
1670592 62070.126671
1670593 62070.127088
1670594 62070.127505
1670595 62070.127921
1670596 62070.128338
1670597 62070.128755
1677528 62082.243981
1677529 62082.244398
1677530 62082.244814
1677531 62082.245231
1677532 62082.245648
1677533 62082.246064
1677534 62082.246481
1677535 62082.246898
1677536 62082.247314
1677537 62082.247731
1679437 62086.087658
1679438 62086.088075
1679439 62086.088491
1679440 62086.088908
1679441 62086.089325
1679442 62086.089741
1679443 62086.090158
1679444 62086.090575
1679445 62086.090991
1679446 62086.091408
1687588 62098.065059
1687589 62098.065476
1687590 62098.065892
1687591 62098.066309
1687592 62098.066726
1687593 62098.067142
1687594 62098.067559
1687595 62098.067976
1687596 62098.068392
1687597 62098.068809
1689589 62101.055907
1689590 62101.056324
1689591 62101.056741
1689592 62101.057157
1689593 62101.057574
1689594 62101.057991
1689595 62101.058407
1689596 62101.058824
1689597 62101.059241
1689598 62101.059657
1695817 62111.110626
1695818 62111.111042
1695819 62111.111459
1695820 62111.111876
1695821 62111.112292
1695822 62111.112709
1695823 62111.113126
1695824 62111.113542
1695825 62111.113959
1695826 62111.114376
1697904 62114.111516
1697905 62114.111933
1697906 62114.112349
1697907 62114.112766
1697908 62114.113183
1697909 62114.113599
1697910 62114.114016
1697911 62114.114433
1697912 62114.114849
1697913 62114.115266
1699914 62117.127521
1699915 62117.127938
1699916 62117.128354
1699917 62117.128771
1699918 62117.129188
1699919 62117.129604
1699920 62117.130021
1699921 62117.130438
1699922 62117.130854
1699923 62117.131271
1707144 62128.070749
1707145 62128.071166
1707146 62128.071582
1707147 62128.071999
1707148 62128.072416
1707149 62128.072832
1707150 62128.073249
1707151 62128.073666
1707152 62128.074082
1707153 62128.074499
1709178 62131.070921
1709179 62131.071338
1709180 62131.071754
1709181 62131.072171
1709182 62131.072588
1709183 62131.073004
1709184 62131.08731
1709185 62131.088322
1709186 62131.088762
1709187 62131.089193
1899524 62380.288697
1899525 62380.289114
1899526 62380.289531
1899527 62380.289947
1899528 62380.290364
1899529 62380.290781
1899530 62380.291197
1899531 62380.291614
1899532 62380.292031
1899533 62380.292447
1909374 62393.274882
1909375 62393.275299
1909376 62393.275716
1909377 62393.276132
1909378 62393.276549
1909379 62393.276966
1909380 62393.277382
1909381 62393.277799
1909382 62393.278216
1909383 62393.278632
1918337 62408.260086
1918338 62408.260503
1918339 62408.260919
1918340 62408.261336
1918341 62408.261753
1918342 62408.262169
1918343 62408.262586
1918344 62408.263003
1918345 62408.263419
1918346 62408.263836
1920766 62411.197967
1920767 62411.198383
1920768 62411.1988
1920769 62411.199217
1920770 62411.199633
1920771 62411.20005
1920772 62411.200467
1920773 62411.200883
1920774 62411.2013
1920775 62411.201717
1930412 62423.348342
1930413 62423.348759
1930414 62423.349175
1930415 62423.349592
1930416 62423.350009
1930417 62423.350425
1930418 62423.350842
1930419 62423.351259
1930420 62423.351675
1930421 62423.352092
1931758 62425.202349
1931759 62425.202765
1931760 62425.203182
1931761 62425.203599
1931762 62425.204015
1931763 62425.204432
1931764 62425.204849
1931765 62425.205265
1931766 62425.205682
1931767 62425.206099
1934223 62428.22301
1934224 62428.223427
1934225 62428.223843
1934226 62428.22426
1934227 62428.224677
1934228 62428.225093
1934229 62428.22551
1934230 62428.225927
1934231 62428.226343
1934232 62428.22676
1939274 62436.118803
1939275 62436.119219
1939276 62436.119636
1939277 62436.120053
1939278 62436.120469
1939279 62436.120886
1939280 62436.121303
1939281 62436.121719
1939282 62436.122136
1939283 62436.122553
1941610 62439.122412
1941611 62439.122828
1941612 62439.123245
1941613 62439.123662
1941614 62439.124078
1941615 62439.124495
1941616 62439.124912
1941617 62439.125328
1941618 62439.125745
1941619 62439.126162
1943944 62442.117206
1943945 62442.117623
1943946 62442.11804
1943947 62442.118456
1943948 62442.118873
1943949 62442.11929
1943950 62442.119706
1943951 62442.120123
1943952 62442.12054
1943953 62442.120956
1946123 62452.088512
1946124 62452.088929
1946125 62452.089346
1946126 62452.089762
1946127 62452.090179
1946128 62452.090596
1946129 62452.091012
1946130 62452.091429
1946131 62452.091846
1946132 62452.092262
1947248 62455.090652
1947249 62455.091068
1947250 62455.091485
1947251 62455.091902
1947252 62455.092318
1947253 62455.092735
1947254 62455.093152
1947255 62455.093568
1947256 62455.093985
1947257 62455.094402
1949951 62458.334007
1949952 62458.334424
1949953 62458.33484
1949954 62458.335257
1949955 62458.335674
1949956 62458.33609
1949957 62458.336507
1949958 62458.336924
1949959 62458.33734
1949960 62458.337757
1953300 62464.056425
1953301 62464.056842
1953302 62464.057258
1953303 62464.057675
1953304 62464.058092
1953305 62464.058508
1953306 62464.058925
1953307 62464.059342
1953308 62464.059758
1953309 62464.060175
1955476 62467.058017
1955477 62467.058434
1955478 62467.05885
1955479 62467.059267
1955480 62467.059684
1955481 62467.0601
1955482 62467.060517
1955483 62467.060934
1955484 62467.06135
1955485 62467.061767
1956892 62472.059845
1956893 62472.060262
1956894 62472.060679
1956895 62472.061095
1956896 62472.061512
1956897 62472.061929
1956898 62472.062345
1956899 62472.062762
1956900 62472.063179
1956901 62472.063595
1963553 62482.067383
1963554 62482.0678
1963555 62482.068217
1963556 62482.068633
1963557 62482.06905
1963558 62482.069467
1963559 62482.069883
1963560 62482.0703
1963561 62482.070717
1963562 62482.071133
1965615 62485.068582
1965616 62485.068998
1965617 62485.069415
1965618 62485.069832
1965619 62485.070248
1965620 62485.070665
1965621 62485.071082
1965622 62485.071498
1965623 62485.071915
1965624 62485.072332
1971915 62494.079518
1971916 62494.093824
1971917 62494.094833
1971918 62494.095274
1971919 62494.095704
1971920 62494.096134
1971921 62494.096564
1971922 62494.096994
1971923 62494.097424
1971924 62494.097854
1973933 62497.071536
1973934 62497.085842
1973935 62497.086849
1973936 62497.087289
1973937 62497.08772
1973938 62497.08815
1973939 62497.08858
1973940 62497.08901
1973941 62497.08944
1973942 62497.089869
1975959 62500.086754
1975960 62500.087171
1975961 62500.087588
1975962 62500.088004
1975963 62500.088421
1975964 62500.088838
1975965 62500.089254
1975966 62500.089671
1975967 62500.090088
1975968 62500.090504
2146623 62747.288406
2146624 62747.288823
2146625 62747.289239
2146626 62747.289656
2146627 62747.290073
2146628 62747.290489
2146629 62747.290906
2146630 62747.291323
2146631 62747.291739
2146632 62747.292156
2148219 62750.246486
2148220 62750.246903
2148221 62750.24732
2148222 62750.247736
2148223 62750.248153
2148224 62750.24857
2148225 62750.248986
2148226 62750.249403
2148227 62750.24982
2148228 62750.250236
2151113 62753.272871
2151114 62753.273288
2151115 62753.273704
2151116 62753.274121
2151117 62753.274538
2151118 62753.274954
2151119 62753.275371
2151120 62753.275788
2151121 62753.276204
2151122 62753.276621
2158768 62762.23549
2158769 62762.235907
2158770 62762.236323
2158771 62762.23674
2158772 62762.237157
2158773 62762.237573
2158774 62762.23799
2158775 62762.238407
2158776 62762.238823
2158777 62762.23924
2161426 62765.23076
2161427 62765.231177
2161428 62765.231593
2161429 62765.23201
2161430 62765.232427
2161431 62765.232843
2161432 62765.23326
2161433 62765.233677
2161434 62765.234093
2161435 62765.23451
2169822 62777.198748
2169823 62777.199165
2169824 62777.199582
2169825 62777.199998
2169826 62777.200415
2169827 62777.200832
2169828 62777.201248
2169829 62777.201665
2169830 62777.202082
2169831 62777.202498
2172759 62782.265458
2178654 62790.202738
2178655 62790.203155
2178656 62790.203572
2178657 62790.203988
2178658 62790.204405
2178659 62790.204822
2178660 62790.205238
2178661 62790.205655
2178662 62790.206072
2178663 62790.206488
2180956 62793.12648
2180957 62793.126896
2180958 62793.127313
2180959 62793.12773
2180960 62793.128146
2180961 62793.128563
2180962 62793.12898
2180963 62793.129396
2180964 62793.129813
2180965 62793.13023
2183168 62796.114639
2183169 62796.115056
2183170 62796.115472
2183171 62796.115889
2183172 62796.116306
2183173 62796.116722
2183174 62796.117139
2183175 62796.117556
2183176 62796.117972
2183177 62796.118389
2190785 62808.316217
2190786 62808.316633
2190787 62808.31705
2190788 62808.317467
2190789 62808.317883
2190790 62808.3183
2190791 62808.318717
2190792 62808.319133
2190793 62808.31955
2190794 62808.319967
2191379 62812.288788
2191380 62812.289204
2191381 62812.289621
2191382 62812.290038
2191383 62812.290454
2191384 62812.290871
2191385 62812.291288
2191386 62812.291704
2191387 62812.292121
2191388 62812.292538
2194873 62819.091657
2194874 62819.092073
2194875 62819.09249
2194876 62819.092907
2194877 62819.093323
2194878 62819.09374
2194879 62819.094157
2194880 62819.094573
2194881 62819.09499
2194882 62819.095407
2196692 62822.091831
2196693 62822.092248
2196694 62822.092665
2196695 62822.093081
2196696 62822.093498
2196697 62822.093915
2196698 62822.094331
2196699 62822.094748
2196700 62822.095165
2196701 62822.095581
2197997 62825.097992
2197998 62825.098409
2197999 62825.098826
2198000 62825.099242
2198001 62825.099659
2198002 62825.100076
2198003 62825.100492
2198004 62825.100909
2198005 62825.101326
2198006 62825.101742
2203798 62835.066065
2203799 62835.066481
2203800 62835.066898
2203801 62835.067315
2203802 62835.067731
2203803 62835.068148
2203804 62835.068565
2203805 62835.068981
2203806 62835.069398
2203807 62835.069815
2205520 62838.060264
2205521 62838.060681
2205522 62838.061097
2205523 62838.061514
2205524 62838.061931
2205525 62838.062347
2205526 62838.062764
2205527 62838.063181
2205528 62838.063597
2205529 62838.064014
2211062 62850.066798
2211063 62850.067215
2211064 62850.067631
2211065 62850.068048
2211066 62850.068465
2211067 62850.068881
2211068 62850.069298
2211069 62850.069715
2211070 62850.070131
2211071 62850.070548
2213248 62853.120843
2213249 62853.12126
2213250 62853.121676
2213251 62853.122093
2213252 62853.12251
2213253 62853.122926
2213254 62853.123343
2213255 62853.12376
2213256 62853.124176
2213257 62853.124593
2215258 62856.116614
2215259 62856.11703
2215260 62856.117447
2215261 62856.117864
2215262 62856.11828
2215263 62856.118697
2215264 62856.119114
2215265 62856.11953
2215266 62856.119947
2215267 62856.120364
2219717 62865.136144
2219718 62865.136561
2219719 62865.136977
2219720 62865.137394
2219721 62865.137811
2219722 62865.138227
2219723 62865.138644
2219724 62865.139061
2219725 62865.139477
2219726 62865.139894
2221657 62868.079919
2221658 62868.080336
2221659 62868.080752
2221660 62868.081169
2221661 62868.081586
2221662 62868.082002
2221663 62868.082419
2221664 62868.082836
2221665 62868.083252
2221666 62868.083669
2376956 63117.252925
2376957 63117.253342
2376958 63117.253758
2376959 63117.254175
2376960 63117.254592
2376961 63117.255008
2376962 63117.255425
2376963 63117.255842
2376964 63117.256258
2376965 63117.256675
2379324 63121.253512
2379325 63121.253929
2379326 63121.254345
2379327 63121.254762
2379328 63121.255179
2379329 63121.255595
2379330 63121.256012
2379331 63121.256429
2379332 63121.256845
2379333 63121.257262
2385581 63131.198674
2385582 63131.19909
2385583 63131.199507
2385584 63131.199924
2385585 63131.20034
2385586 63131.200757
2385587 63131.201174
2385588 63131.20159
2385589 63131.202007
2385590 63131.202424
2388701 63136.186891
2388702 63136.187308
2388703 63136.187725
2388704 63136.188141
2388705 63136.188558
2388706 63136.188975
2388707 63136.189391
2388708 63136.189808
2388709 63136.190225
2388710 63136.190641
2394259 63145.242079
2394260 63145.242495
2394261 63145.242912
2394262 63145.243329
2394263 63145.243745
2394264 63145.244162
2394265 63145.244579
2394266 63145.244995
2394267 63145.245412
2394268 63145.245829
2396685 63148.18721
2396686 63148.187627
2396687 63148.188044
2396688 63148.18846
2396689 63148.188877
2396690 63148.189294
2396691 63148.18971
2396692 63148.190127
2396693 63148.190544
2396694 63148.19096
2399163 63151.178487
2399164 63151.178904
2399165 63151.17932
2399166 63151.179737
2399167 63151.180154
2399168 63151.18057
2399169 63151.180987
2399170 63151.181404
2399171 63151.18182
2399172 63151.182237
2408410 63162.292955
2408411 63162.293371
2408412 63162.293788
2408413 63162.294205
2408414 63162.294621
2408415 63162.295038
2408416 63162.295455
2408417 63162.295871
2408418 63162.296288
2408419 63162.296705
2410485 63165.108564
2410486 63165.108981
2410487 63165.109397
2410488 63165.109814
2410489 63165.110231
2410490 63165.110647
2410491 63165.111064
2410492 63165.111481
2410493 63165.111897
2410494 63165.112314
2417122 63181.08767
2417123 63181.088087
2417124 63181.088504
2417125 63181.08892
2417126 63181.089337
2417127 63181.089754
2417128 63181.09017
2417129 63181.090587
2417130 63181.091004
2417131 63181.09142
2423675 63191.075891
2423676 63191.076308
2423677 63191.076725
2423678 63191.077141
2423679 63191.077558
2423680 63191.077975
2423681 63191.078391
2423682 63191.078808
2423683 63191.079225
2423684 63191.079641
2425773 63194.053503
2425774 63194.053919
2425775 63194.054336
2425776 63194.054753
2425777 63194.055169
2425778 63194.055586
2425779 63194.056003
2425780 63194.056419
2425781 63194.056836
2425782 63194.057253
2431511 63203.062447
2431512 63203.062864
2431513 63203.06328
2431514 63203.063697
2431515 63203.064114
2431516 63203.06453
2431517 63203.064947
2431518 63203.065364
2431519 63203.06578
2431520 63203.066197
2433608 63206.061573
2433609 63206.06199
2433610 63206.062406
2433611 63206.062823
2433612 63206.06324
2433613 63206.063656
2433614 63206.064073
2433615 63206.06449
2433616 63206.064906
2433617 63206.065323
2435655 63209.063327
2435656 63209.063744
2435657 63209.064161
2435658 63209.064577
2435659 63209.064994
2435660 63209.065411
2435661 63209.065827
2435662 63209.066244
2435663 63209.066661
2435664 63209.067077
2441837 63220.068997
2441838 63220.069413
2441839 63220.06983
2441840 63220.070247
2441841 63220.070663
2441842 63220.07108
2441843 63220.071497
2441844 63220.071913
2441845 63220.07233
2441846 63220.072747
2443835 63223.069894
2443836 63223.070311
2443837 63223.070728
2443838 63223.071144
2443839 63223.071561
2443840 63223.071978
2443841 63223.072394
2443842 63223.072811
2443843 63223.073228
2443844 63223.073644
