obsHistID expMJD
24144 59612.185657
24174 59612.199268
39425 59633.063723
39426 59633.064172
39427 59633.064621
39428 59633.06507
39466 59633.082819
39478 59633.088237
39479 59633.088685
39480 59633.089134
159468 59791.346562
159469 59791.34701
159470 59791.347459
159471 59791.347908
159476 59791.351119
159477 59791.351567
159478 59791.352015
159479 59791.352465
159480 59791.352914
159481 59791.353361
159487 59791.356996
159488 59791.357441
159489 59791.35789
159490 59791.35834
159491 59791.358792
159492 59791.359238
159493 59791.359686
159494 59791.360133
159495 59791.36058
159507 59791.366137
159508 59791.366588
159509 59791.367038
159519 59791.371643
159520 59791.372155
159521 59791.372606
159522 59791.373095
159523 59791.373544
159541 59791.381634
159542 59791.382141
159543 59791.382594
159582 59791.401609
159583 59791.402058
159584 59791.402524
159585 59791.402973
160354 59793.361553
160355 59793.362
160356 59793.362445
160357 59793.362893
160358 59793.363339
160359 59793.363815
160379 59793.378457
160380 59793.378904
160381 59793.379353
160382 59793.379801
160384 59793.381536
160385 59793.382085
160912 59796.359096
160913 59796.359601
160914 59796.360051
160957 59796.38407
160958 59796.384523
160959 59796.385041
161016 59796.413789
161019 59796.41515
161020 59796.415599
161021 59796.416055
161022 59796.416504
161024 59796.417407
161026 59796.418309
161027 59796.418806
178142 59817.329059
180090 59819.336478
180091 59819.336957
180095 59819.338938
180134 59819.35795
180135 59819.358452
180136 59819.358929
183769 59823.287431
183770 59823.287882
183771 59823.28833
183772 59823.288779
183773 59823.28923
183774 59823.289679
183780 59823.292439
183781 59823.292896
183813 59823.308187
183817 59823.310347
183818 59823.310796
183819 59823.311255
183820 59823.311704
183825 59823.313993
183826 59823.314454
183827 59823.31491
183841 59823.321261
183842 59823.321717
183850 59823.325744
183851 59823.326215
183852 59823.326693
183853 59823.327159
183854 59823.327607
183855 59823.328065
183856 59823.328514
183857 59823.328963
183859 59823.329862
183860 59823.330311
183861 59823.330764
183866 59823.333418
183867 59823.333867
183889 59823.343946
183890 59823.344395
183891 59823.344853
183892 59823.345302
183893 59823.345767
183894 59823.346455
183895 59823.34691
183903 59823.351073
183905 59823.351979
183906 59823.35244
183907 59823.352894
183908 59823.353343
183912 59823.355569
183913 59823.356057
183914 59823.356929
183915 59823.357378
185733 59825.324424
185734 59825.325065
185782 59825.350841
185784 59825.35202
193776 59840.209538
193777 59840.209985
193778 59840.210433
193779 59840.21088
193780 59840.211329
193781 59840.21178
193782 59840.212227
193783 59840.212674
193785 59840.21357
193810 59840.22812
193811 59840.228571
193812 59840.229018
193819 59840.232274
193820 59840.232728
193821 59840.233183
193822 59840.23363
193823 59840.234076
193824 59840.234524
193825 59840.234971
193826 59840.235464
193827 59840.235916
193828 59840.236368
193829 59840.236848
193830 59840.237297
194845 59841.288937
194846 59841.289386
194847 59841.289841
194848 59841.290303
194849 59841.290761
194850 59841.291219
194851 59841.291674
194852 59841.292123
194856 59841.294014
194857 59841.29447
194858 59841.294919
194859 59841.295376
194860 59841.29584
194861 59841.296306
194862 59841.296754
194863 59841.297263
194864 59841.297712
194905 59841.322599
194906 59841.323048
194907 59841.32351
194908 59841.323989
194909 59841.32447
194910 59841.324938
194911 59841.325394
194912 59841.325843
194916 59841.327804
194917 59841.328257
194918 59841.328707
194919 59841.329168
194920 59841.329643
194921 59841.330135
194922 59841.330584
194923 59841.331154
194924 59841.331602
196590 59843.269521
196645 59843.29929
218507 59875.212546
219164 59876.144282
219165 59876.144728
219166 59876.145173
219167 59876.145621
219168 59876.146066
219169 59876.146512
219170 59876.146959
219172 59876.147854
219173 59876.148308
219174 59876.148756
219175 59876.149202
219176 59876.149648
219177 59876.150093
219178 59876.15054
219179 59876.150988
219180 59876.151434
219181 59876.15188
219182 59876.152329
219183 59876.152775
219184 59876.153221
219185 59876.153668
219187 59876.154563
219202 59876.161588
219203 59876.162036
219204 59876.162484
219205 59876.162934
219206 59876.163382
219207 59876.163831
219208 59876.164281
219209 59876.164729
219210 59876.165175
219211 59876.165722
219212 59876.166171
219213 59876.166623
219215 59876.167524
219216 59876.167978
219217 59876.168502
219218 59876.16895
219219 59876.169396
219220 59876.169845
219223 59876.171186
219224 59876.171645
219225 59876.172097
219226 59876.172807
219227 59876.173253
219233 59876.175933
219234 59876.17638
219235 59876.176829
219241 59876.179599
219267 59876.191579
219278 59876.196674
219295 59876.204458
219319 59876.215247
219323 59876.217161
219355 59876.232088
221572 59879.180813
221573 59879.181284
221574 59879.181747
221575 59879.182217
221576 59879.182666
221577 59879.183131
221578 59879.1836
221579 59879.184049
221580 59879.184505
221581 59879.184953
221612 59879.200623
221613 59879.201109
221614 59879.201589
221615 59879.202064
221616 59879.202513
221617 59879.202986
221618 59879.203471
221619 59879.203919
221620 59879.204375
221621 59879.204823
221622 59879.205279
251759 59928.15968
253642 59931.095723
253645 59931.097121
253646 59931.097571
253647 59931.09802
253674 59931.111893
253676 59931.112806
253680 59931.114878
254314 59932.088241
254316 59932.089163
254317 59932.08969
254318 59932.090139
254319 59932.090588
254343 59932.104457
254344 59932.104968
254345 59932.105425
254346 59932.106143
254347 59932.106866
254356 59932.112567
254357 59932.113189
254358 59932.113782
254359 59932.114274
254360 59932.115316
254364 59932.11829
254373 59932.123833
254376 59932.125238
254378 59932.126163
254379 59932.126751
254380 59932.127283
254381 59932.127733
254382 59932.128929
254407 59932.145041
271830 59958.06411
271831 59958.064602
271832 59958.065052
271833 59958.065555
271834 59958.066005
271871 59958.084413
271872 59958.084871
271873 59958.085358
271892 59958.095257
271893 59958.095724
271910 59958.106202
271911 59958.106661
271912 59958.107268
271913 59958.107726
271914 59958.108289
271916 59958.109515
271917 59958.109992
271918 59958.110441
271920 59958.111611
271948 59958.125046
271949 59958.125525
271950 59958.126099
271951 59958.126558
271954 59958.128509
271968 59958.135552
399391 60144.410084
399393 60144.410978
400302 60145.348441
400329 60145.361418
400330 60145.361865
400331 60145.362361
400332 60145.36281
400353 60145.37289
400354 60145.373338
400355 60145.373785
400356 60145.374232
400357 60145.37468
400358 60145.375127
400388 60145.389295
400390 60145.39019
400391 60145.390637
400420 60145.404491
400421 60145.404944
400422 60145.405393
400423 60145.405841
400424 60145.406288
400425 60145.406733
400426 60145.407179
400427 60145.407626
400428 60145.408074
400429 60145.408523
400430 60145.408969
400436 60145.411653
400438 60145.412623
400439 60145.413072
400440 60145.413528
400447 60145.417191
400457 60145.421764
400458 60145.422214
400459 60145.422668
400460 60145.42312
400461 60145.423569
400462 60145.424015
400463 60145.424461
400464 60145.42491
418951 60177.287005
418963 60177.29239
418964 60177.292836
418965 60177.293285
418966 60177.293731
418967 60177.29418
418968 60177.294627
418969 60177.295073
418970 60177.29552
418974 60177.297323
418996 60177.307405
418997 60177.307852
418998 60177.308303
418999 60177.308749
419000 60177.309198
419001 60177.309645
419002 60177.310094
419005 60177.31146
419011 60177.314218
419012 60177.314662
419013 60177.31511
419014 60177.315555
419015 60177.316001
419019 60177.31798
419020 60177.318427
419021 60177.318872
419022 60177.319318
419023 60177.319764
419024 60177.320212
419025 60177.320658
419026 60177.321104
419027 60177.321556
419028 60177.322002
419029 60177.322449
419030 60177.322895
419040 60177.327747
419043 60177.3291
419044 60177.329549
419045 60177.329997
419046 60177.330446
419047 60177.330899
419048 60177.331347
419049 60177.331829
419059 60177.336537
419060 60177.336983
419061 60177.337432
419062 60177.337878
419063 60177.338327
419064 60177.338776
419065 60177.339222
419068 60177.340674
419069 60177.341195
419101 60177.355896
419116 60177.36287
419117 60177.363319
419118 60177.363772
419119 60177.364221
419121 60177.365121
419127 60177.36783
419145 60177.376101
419146 60177.376557
419148 60177.377463
419149 60177.377961
419180 60177.392418
419181 60177.392873
419719 60178.313694
419770 60178.33714
419772 60178.338053
419773 60178.338502
419774 60178.338951
419775 60178.339403
419776 60178.339851
419777 60178.340299
419779 60178.341194
419784 60178.343459
419785 60178.343905
419786 60178.344354
419802 60178.351594
419803 60178.352043
419804 60178.352495
419805 60178.353002
419806 60178.353451
419807 60178.353899
419809 60178.355086
419810 60178.355534
419811 60178.355988
419818 60178.35921
419819 60178.359658
419820 60178.360106
419836 60178.367347
419837 60178.367796
419838 60178.368251
419839 60178.368709
419840 60178.369168
419907 60178.400458
419908 60178.400939
429117 60195.222227
430011 60196.215762
430053 60196.23549
430054 60196.235937
430055 60196.236386
430056 60196.236833
430057 60196.237282
430058 60196.237728
430060 60196.238624
430092 60196.254663
430093 60196.255111
430094 60196.25556
430095 60196.256008
430096 60196.256458
430097 60196.256907
430098 60196.257356
430099 60196.257806
430100 60196.258255
430120 60196.267221
430161 60196.287159
430164 60196.288522
430165 60196.288974
430166 60196.289423
430167 60196.289875
430168 60196.29033
430169 60196.290777
430213 60196.311035
430214 60196.311487
430215 60196.311946
430216 60196.312402
430217 60196.312851
430218 60196.313305
449953 60227.222773
466099 60260.126769
466101 60260.127675
466102 60260.128124
466103 60260.128579
466142 60260.146637
466143 60260.147086
466144 60260.147541
466161 60260.156643
466162 60260.157092
466163 60260.157541
466164 60260.157989
466165 60260.158438
466166 60260.158887
466167 60260.159336
466201 60260.175008
466202 60260.175472
466203 60260.175961
466209 60260.179813
466210 60260.180262
466211 60260.18071
466212 60260.181159
466253 60260.20075
466273 60260.210051
466274 60260.210509
466275 60260.210958
466276 60260.211572
466277 60260.212194
466278 60260.212698
466279 60260.213219
466300 60260.223782
466303 60260.225285
466317 60260.233391
466319 60260.235352
466320 60260.235915
466321 60260.236365
466322 60260.236864
466323 60260.237489
466334 60260.244399
466335 60260.244902
466336 60260.24603
466338 60260.246986
466339 60260.247489
466378 60260.266217
466382 60260.268997
466393 60260.275131
466432 60260.296355
479253 60279.049569
479254 60279.050016
479255 60279.050464
479263 60279.054089
479264 60279.054537
479265 60279.054986
479266 60279.055435
479267 60279.055882
479268 60279.056328
479272 60279.058117
479273 60279.058563
479274 60279.05901
479275 60279.059468
479276 60279.059914
479279 60279.061257
479280 60279.061703
479281 60279.062149
479282 60279.062595
479283 60279.063077
479285 60279.063977
479287 60279.064882
479295 60279.069451
479296 60279.069899
479297 60279.070348
479298 60279.070797
479299 60279.071249
479300 60279.071698
479301 60279.072145
479305 60279.073934
479306 60279.074386
479307 60279.074844
479308 60279.075292
479309 60279.075738
479312 60279.077084
479313 60279.077531
479314 60279.077981
479315 60279.078539
479357 60279.097537
479359 60279.09857
480908 60281.161154
480909 60281.161763
480910 60281.162234
480911 60281.162704
480912 60281.163224
480913 60281.163674
480914 60281.164166
481387 60282.051538
481388 60282.051984
481389 60282.052432
481390 60282.052879
481394 60282.054661
481433 60282.073097
481434 60282.073548
481435 60282.074
481437 60282.075006
484218 60286.056463
484219 60286.056911
484232 60286.062794
484233 60286.063243
484234 60286.063692
484235 60286.064141
484236 60286.06459
484237 60286.065054
484238 60286.065503
484239 60286.065957
484240 60286.066406
484242 60286.067387
484262 60286.076508
484263 60286.076957
484264 60286.077406
484265 60286.077855
484266 60286.078304
484267 60286.078769
484268 60286.079218
484269 60286.079673
484270 60286.080122
484272 60286.081023
484273 60286.081472
484274 60286.081928
484275 60286.082376
484276 60286.082895
484277 60286.083587
484278 60286.084157
484279 60286.084613
484323 60286.104975
484324 60286.105606
484325 60286.106234
484326 60286.106682
484327 60286.107137
484328 60286.10759
484329 60286.10806
617749 60501.392688
617784 60501.408776
617787 60501.410119
617807 60501.419122
633678 60524.336906
633679 60524.337353
633681 60524.338247
633682 60524.338697
633683 60524.339144
633684 60524.339591
633685 60524.340039
633686 60524.340486
633724 60524.36084
633727 60524.362188
633728 60524.362636
633729 60524.363082
633730 60524.36353
633731 60524.363977
633732 60524.364451
633733 60524.364898
633779 60524.388193
633780 60524.38864
633781 60524.389088
633829 60524.414572
633830 60524.41502
633831 60524.415469
633832 60524.415918
633833 60524.416366
633845 60524.421821
633846 60524.42227
637847 60530.341709
637849 60530.342606
637850 60530.343052
637851 60530.343499
637857 60530.346234
637858 60530.346683
637859 60530.347131
637860 60530.347577
637861 60530.348023
637862 60530.34847
637863 60530.348917
637864 60530.349367
637865 60530.349814
637866 60530.35026
637867 60530.350706
637868 60530.351154
637869 60530.351603
637870 60530.352049
637871 60530.352495
637872 60530.352941
637873 60530.353387
637874 60530.353836
637875 60530.354282
637876 60530.354727
637877 60530.355203
637878 60530.355651
637881 60530.357023
637882 60530.357472
637908 60530.370643
637909 60530.37109
637910 60530.371539
637911 60530.371985
637912 60530.372455
637913 60530.372904
637914 60530.373359
637915 60530.373817
637916 60530.374266
637917 60530.374715
637918 60530.375164
637919 60530.375618
637920 60530.376067
637921 60530.376522
637922 60530.37697
637923 60530.377416
637924 60530.377869
637925 60530.378316
637926 60530.378765
637927 60530.379214
637928 60530.379662
637929 60530.380108
637931 60530.381005
637932 60530.381453
637933 60530.381902
637934 60530.382351
637935 60530.382805
637936 60530.383254
637937 60530.383703
637947 60530.388176
637948 60530.388625
637949 60530.389074
637950 60530.389523
637951 60530.389972
637962 60530.394994
637963 60530.395443
637964 60530.395896
637965 60530.396345
637966 60530.396803
637967 60530.397252
637969 60530.398151
637971 60530.399127
637982 60530.404175
637983 60530.404624
637984 60530.405072
637985 60530.405521
637986 60530.40597
637987 60530.406418
638002 60530.4133
638003 60530.413749
638004 60530.414197
642205 60535.381144
642215 60535.385628
642216 60535.386075
642227 60535.39105
642243 60535.398873
642253 60535.403455
658342 60555.279881
658343 60555.280328
658344 60555.280774
658345 60555.281219
658346 60555.281664
658347 60555.282113
658348 60555.282558
658349 60555.283004
658350 60555.28345
658351 60555.283899
658352 60555.284348
658353 60555.284798
658354 60555.285247
658373 60555.29398
658374 60555.294429
658375 60555.294877
658376 60555.295323
658377 60555.295772
658378 60555.296218
658379 60555.296695
658380 60555.297145
658381 60555.297598
658382 60555.298047
658383 60555.298497
658384 60555.298946
658402 60555.307113
658407 60555.309351
658409 60555.310245
658410 60555.31069
658411 60555.311141
658412 60555.311589
658413 60555.312038
658429 60555.319355
658441 60555.325464
658442 60555.325913
658443 60555.326366
658445 60555.327267
658446 60555.327717
661597 60559.277353
661598 60559.277798
661599 60559.278247
661600 60559.278693
661601 60559.279147
661602 60559.279596
661603 60559.280045
661604 60559.280494
661623 60559.289285
661636 60559.295201
661637 60559.29565
661638 60559.296098
661639 60559.296548
661640 60559.297021
661641 60559.29747
661642 60559.297919
661643 60559.298369
661650 60559.301581
661651 60559.302036
661652 60559.302484
661653 60559.30294
661654 60559.303388
661655 60559.303835
661676 60559.313253
661679 60559.314625
661680 60559.315077
661681 60559.315532
661682 60559.315981
661683 60559.316442
661684 60559.316901
661688 60559.318938
661689 60559.319414
661690 60559.319874
661691 60559.320329
661692 60559.320778
661693 60559.32123
661713 60559.330611
661717 60559.332497
661718 60559.332946
661719 60559.333404
661720 60559.333907
661721 60559.334376
661722 60559.33488
661723 60559.335449
661727 60559.337562
661737 60559.342364
661759 60559.353031
661777 60559.361942
662483 60560.262312
662487 60560.264144
662488 60560.264598
662489 60560.265054
662490 60560.265501
662491 60560.265947
662492 60560.266392
662493 60560.266838
662494 60560.267287
662495 60560.267733
662496 60560.268178
662497 60560.268627
662498 60560.269072
662499 60560.26952
662501 60560.270544
662502 60560.270992
662518 60560.278654
662519 60560.279111
662520 60560.279566
662521 60560.280018
662522 60560.280467
662523 60560.280914
662524 60560.28136
662525 60560.281811
662526 60560.282257
662527 60560.282705
662528 60560.283154
662529 60560.283602
662530 60560.284051
662532 60560.285084
662533 60560.285537
662534 60560.286002
662542 60560.289653
662544 60560.290561
662545 60560.29105
662546 60560.291537
662585 60560.309899
662591 60560.312735
662592 60560.313245
662594 60560.314184
662595 60560.314682
662598 60560.316101
662600 60560.317002
671591 60578.234965
671592 60578.235413
671593 60578.235864
671594 60578.236312
671595 60578.236761
671597 60578.237704
671598 60578.238184
671599 60578.23863
671619 60578.247836
671620 60578.248287
671621 60578.248838
671622 60578.249288
671623 60578.249793
671624 60578.250241
671625 60578.25069
671626 60578.251139
671627 60578.251604
671628 60578.252319
671629 60578.252766
671630 60578.253425
671653 60578.266751
671654 60578.2672
671657 60578.268843
680212 60588.184172
680217 60588.186428
680218 60588.186884
680219 60588.187333
680220 60588.18778
680221 60588.188229
680227 60588.190933
680228 60588.191409
680229 60588.191857
680230 60588.192307
680231 60588.192756
680232 60588.193202
680233 60588.19365
680234 60588.194099
680235 60588.194558
680245 60588.1993
680247 60588.200253
680248 60588.200708
680249 60588.201158
680250 60588.201607
680255 60588.203882
680256 60588.204335
680257 60588.204784
680258 60588.205235
680259 60588.205684
680260 60588.20614
680261 60588.206588
680262 60588.207041
680263 60588.207491
680264 60588.207972
680266 60588.209022
680269 60588.21046
680276 60588.213669
680277 60588.214118
680278 60588.214573
680279 60588.21502
680282 60588.216362
680296 60588.222768
680302 60588.225556
680316 60588.232605
680317 60588.233054
680318 60588.2335
680319 60588.233956
680320 60588.234405
694816 60606.203383
694817 60606.203893
694818 60606.204342
694819 60606.204903
695687 60607.232469
695695 60607.236086
695697 60607.236995
695698 60607.237444
695700 60607.238348
695703 60607.239709
695704 60607.240185
695710 60607.244361
695711 60607.244876
695743 60607.262236
695744 60607.262704
695746 60607.263644
695747 60607.264154
695748 60607.264733
695750 60607.267005
695751 60607.267494
697791 60610.09611
697799 60610.099784
697800 60610.100231
697801 60610.100678
697802 60610.101126
697803 60610.101573
697804 60610.102034
697805 60610.102481
697806 60610.102928
697807 60610.103376
697808 60610.103823
697809 60610.10427
697810 60610.104719
697811 60610.105166
697836 60610.119562
697839 60610.120923
697840 60610.121374
697841 60610.121822
697842 60610.122269
697843 60610.122718
697844 60610.123165
697845 60610.123613
697846 60610.12406
697847 60610.124577
697848 60610.125036
697849 60610.125485
697850 60610.126024
697851 60610.126472
697852 60610.126919
697853 60610.127367
697855 60610.128548
697858 60610.129905
697888 60610.143754
697889 60610.144479
697892 60610.145855
697922 60610.15994
697923 60610.160389
697933 60610.164851
697934 60610.1653
697935 60610.165749
697936 60610.166203
697937 60610.166652
697938 60610.16711
697939 60610.167564
697940 60610.168013
697941 60610.168461
697947 60610.17114
697948 60610.171587
697949 60610.172036
697950 60610.172485
697951 60610.172932
697953 60610.173845
697954 60610.174294
697955 60610.174743
697956 60610.175191
697957 60610.175694
697958 60610.176165
697959 60610.17675
697969 60610.181222
697970 60610.181672
697971 60610.182121
697972 60610.182576
697973 60610.183025
697974 60610.183486
697975 60610.183944
697976 60610.184393
697977 60610.184845
697978 60610.185294
697979 60610.185745
697985 60610.18844
697986 60610.188891
697987 60610.189357
697988 60610.189806
697989 60610.190301
697990 60610.190766
697993 60610.192712
703690 60619.123253
703691 60619.123699
703692 60619.124144
703693 60619.124592
703694 60619.125037
703696 60619.125935
703697 60619.126391
703698 60619.126839
703699 60619.127286
703700 60619.127732
703729 60619.140741
703730 60619.141521
703731 60619.141969
703733 60619.142868
703740 60619.146288
703741 60619.146741
703742 60619.147197
703743 60619.147645
703744 60619.148097
703745 60619.148544
703752 60619.151677
703771 60619.160259
716777 60640.140998
716785 60640.144585
719587 60644.083509
719590 60644.084922
719591 60644.085389
719592 60644.085854
719621 60644.099145
719622 60644.099645
719623 60644.100121
719624 60644.100587
719625 60644.101043
719694 60644.132826
743847 60679.084541
743848 60679.085123
743894 60679.107656
743895 60679.108262
755805 60696.134984
755806 60696.135433
755807 60696.135891
755808 60696.136345
755809 60696.136801
755810 60696.137249
755811 60696.13771
765436 60709.111996
765437 60709.112445
765438 60709.112902
765439 60709.113351
765440 60709.113803
765441 60709.114252
765489 60709.137687
765490 60709.138136
765491 60709.138585
765492 60709.139034
765493 60709.139484
765494 60709.139933
776441 60723.040709
776442 60723.041158
776443 60723.041606
781360 60730.038748
781361 60730.039197
781362 60730.039646
781363 60730.040095
781364 60730.040544
781365 60730.040993
781366 60730.041442
781385 60730.050004
781386 60730.050453
781387 60730.050902
781388 60730.051351
781389 60730.0518
781391 60730.052724
781405 60730.059507
781407 60730.060413
781414 60730.063603
781415 60730.064052
781418 60730.065394
781421 60730.066735
781422 60730.067206
781423 60730.067655
781424 60730.06811
781425 60730.068557
781453 60730.082073
781454 60730.082518
781457 60730.083858
781458 60730.084302
781459 60730.084751
781460 60730.085209
781461 60730.08566
784700 60734.074506
784701 60734.074959
784702 60734.075432
784703 60734.075922
784704 60734.076369
784747 60734.098957
784748 60734.099403
784749 60734.09988
784750 60734.100326
784751 60734.100772
784753 60734.101667
785448 60736.035696
785449 60736.036142
785450 60736.036605
785458 60736.040255
785476 60736.049905
785478 60736.050832
785513 60736.06779
808220 60767.006565
808248 60767.019255
808249 60767.019701
808250 60767.02015
808278 60767.033023
808279 60767.033468
887303 60880.35174
887304 60880.352187
887305 60880.352635
887306 60880.353082
887307 60880.35353
887349 60880.373794
887350 60880.37424
887351 60880.374692
887352 60880.375138
887353 60880.375587
887370 60880.3837
887371 60880.384151
887372 60880.384619
887403 60880.404687
887405 60880.40561
887406 60880.40606
887407 60880.40651
887408 60880.406959
887409 60880.407409
887416 60880.410622
887417 60880.411113
887418 60880.411562
888326 60881.363012
888327 60881.36347
888370 60881.383514
888373 60881.385102
888375 60881.386033
888379 60881.387853
888405 60881.39968
888406 60881.400129
888408 60881.401333
908888 60904.336675
908953 60904.372386
908954 60904.372842
908957 60904.374404
908994 60904.395153
908996 60904.396077
908997 60904.396538
909001 60904.398831
909002 60904.399291
909003 60904.399763
921197 60934.20489
921223 60934.216702
921224 60934.217149
921225 60934.217596
921226 60934.218043
921227 60934.218491
921228 60934.218938
921270 60934.239644
921271 60934.240094
921272 60934.240542
921273 60934.240989
921274 60934.241437
921275 60934.241884
921276 60934.242331
921283 60934.245461
921285 60934.246356
921301 60934.253568
921302 60934.254016
921303 60934.254463
921304 60934.254911
921305 60934.255357
921306 60934.255806
921307 60934.256254
921308 60934.256701
921311 60934.258081
921338 60934.271575
921349 60934.277232
921350 60934.27768
921351 60934.278133
921352 60934.278582
921353 60934.279036
921354 60934.279485
921355 60934.280023
921356 60934.280471
921401 60934.30155
921493 60934.344839
921494 60934.345288
921543 60934.369086
921558 60934.37639
927750 60941.261977
933252 60947.331555
933253 60947.332003
933254 60947.332452
933255 60947.332908
933286 60947.346898
933287 60947.347387
933288 60947.347844
933334 60947.368807
933335 60947.369257
933336 60947.369712
933337 60947.37017
943157 60961.163187
943199 60961.182848
943200 60961.183296
943201 60961.183745
943202 60961.184193
943203 60961.184639
943212 60961.188664
943213 60961.189112
943214 60961.189561
943238 60961.201028
943239 60961.201478
943240 60961.201932
943241 60961.202381
943242 60961.20283
943243 60961.203285
943246 60961.204648
943247 60961.205097
943277 60961.220809
943279 60961.221733
943280 60961.222182
943281 60961.222639
943282 60961.2231
943283 60961.223549
943285 60961.224453
944003 60962.175705
944011 60962.179271
944012 60962.179718
944013 60962.180164
944014 60962.180609
944015 60962.181057
944016 60962.181502
944017 60962.181948
944018 60962.182396
944019 60962.182846
944020 60962.183295
944021 60962.183744
944022 60962.184198
944023 60962.184647
944024 60962.185096
944037 60962.190911
944038 60962.19136
944042 60962.193233
944043 60962.193682
944044 60962.19413
944045 60962.194579
944046 60962.195026
944047 60962.195506
944048 60962.195958
944049 60962.196407
944050 60962.196856
944051 60962.197305
944052 60962.19776
944053 60962.198209
944054 60962.198658
944088 60962.213982
944121 60962.228868
944189 60962.259918
944190 60962.260366
944191 60962.260817
944192 60962.261265
944199 60962.264814
944200 60962.265263
944201 60962.265719
944202 60962.266175
944203 60962.266642
944204 60962.267091
944205 60962.267634
944206 60962.26809
944207 60962.268555
944208 60962.269005
944209 60962.269453
944217 60962.273075
944218 60962.273524
944219 60962.27398
944220 60962.274448
944221 60962.274923
944222 60962.275379
944227 60962.277973
944228 60962.278529
944229 60962.278978
944230 60962.279445
944231 60962.280032
944236 60962.282781
944237 60962.28323
944238 60962.28369
944239 60962.284225
944240 60962.284724
944241 60962.285201
944242 60962.285662
944243 60962.286119
944244 60962.286605
944245 60962.287134
944246 60962.287584
944247 60962.288093
944248 60962.288633
944249 60962.2891
944250 60962.289557
944251 60962.29002
944252 60962.290485
944254 60962.291531
944255 60962.291999
944256 60962.292467
944264 60962.296169
944265 60962.296618
944266 60962.297073
944267 60962.298352
944271 60962.301576
944272 60962.302026
944273 60962.302696
944274 60962.303217
944275 60962.303706
944276 60962.30419
944277 60962.304767
944278 60962.305306
944279 60962.305764
944280 60962.306434
944284 60962.308524
944286 60962.309435
944288 60962.310466
944289 60962.31095
944290 60962.311414
944291 60962.311924
944295 60962.314463
944303 60962.322276
944313 60962.330659
944314 60962.331347
946343 60965.105458
946344 60965.105905
960046 60993.034089
960051 60993.036332
960052 60993.03678
960053 60993.037228
960054 60993.037675
960055 60993.038123
960073 60993.046161
960075 60993.047058
960077 60993.047954
960083 60993.050682
960084 60993.051128
960085 60993.051578
960086 60993.052085
960102 60993.059239
960104 60993.060147
960106 60993.061043
960107 60993.061489
960108 60993.061935
960109 60993.062383
960110 60993.062829
960114 60993.064611
960129 60993.071588
960130 60993.072036
960131 60993.072497
960132 60993.072943
960133 60993.073394
960134 60993.07384
960135 60993.074287
960136 60993.074736
960137 60993.075186
960138 60993.075633
960139 60993.076079
960163 60993.087525
960179 60993.095114
960180 60993.095564
960181 60993.096021
960182 60993.096473
960203 60993.107304
960204 60993.107753
960205 60993.108202
960206 60993.108651
960207 60993.109099
960208 60993.109548
960209 60993.109993
960210 60993.11044
960215 60993.112676
960216 60993.113122
960217 60993.11357
960218 60993.114019
960219 60993.114468
960220 60993.114916
960223 60993.116268
960224 60993.116717
960225 60993.117164
960241 60993.124378
960242 60993.124825
960243 60993.125274
960244 60993.125727
960245 60993.126176
960246 60993.126625
960247 60993.127074
960248 60993.127523
960249 60993.12798
960250 60993.128428
960251 60993.128876
960253 60993.129802
960257 60993.131688
960258 60993.132136
960259 60993.132594
960260 60993.133042
969216 61006.151765
969218 61006.152661
969219 61006.153109
969220 61006.153567
969221 61006.154024
969222 61006.154478
969223 61006.154927
969224 61006.155375
969246 61006.165325
969247 61006.165774
969249 61006.16668
969250 61006.167136
969251 61006.167593
969252 61006.168085
969253 61006.168552
969254 61006.169004
969272 61006.177147
969273 61006.177609
969312 61006.195491
969329 61006.203737
969330 61006.204408
975911 61017.056691
975912 61017.05714
975913 61017.057588
975925 61017.062969
975926 61017.063418
975927 61017.063866
975928 61017.064317
975929 61017.064815
975930 61017.065263
975931 61017.065712
975932 61017.066176
975933 61017.066717
975934 61017.067165
975935 61017.067614
975943 61017.071249
975955 61017.076677
975956 61017.07713
975957 61017.077579
975958 61017.078035
975959 61017.07855
975960 61017.078999
975961 61017.079448
975962 61017.079912
975963 61017.080361
975964 61017.080816
975965 61017.081265
975966 61017.081714
975967 61017.082163
975987 61017.091484
975988 61017.091932
975989 61017.092451
975990 61017.09292
975991 61017.093369
975992 61017.094018
977274 61020.058802
977275 61020.059252
977307 61020.073833
977330 61020.08484
977331 61020.085298
977332 61020.085803
977337 61020.088482
977368 61020.102926
997113 61050.153586
997114 61050.154081
997115 61050.154634
997116 61050.155091
997117 61050.155548
997118 61050.156039
997119 61050.156495
997120 61050.156944
999501 61057.112267
999502 61057.11277
999549 61057.136167
999550 61057.136637
1016776 61080.094174
1016777 61080.094623
1016778 61080.095072
1016779 61080.095523
1016780 61080.095977
1016781 61080.096424
1016784 61080.097767
1016788 61080.099626
1016789 61080.100075
1016792 61080.10145
1016795 61080.102846
1016797 61080.103768
1016798 61080.104222
1016799 61080.104672
1016802 61080.106015
1016810 61080.109626
1016811 61080.110136
1016812 61080.11059
1016813 61080.111037
1016815 61080.111931
1016821 61080.114678
1016822 61080.115124
1016823 61080.115576
1016825 61080.116489
1016828 61080.117881
1016830 61080.118793
1016831 61080.119245
1016832 61080.119693
1016838 61080.122388
1019891 61084.067749
1019892 61084.068197
1019893 61084.068653
1019894 61084.069102
1019925 61084.08557
1019926 61084.086028
1019927 61084.086477
1019928 61084.086932
1019929 61084.087381
1019930 61084.087839
1019931 61084.088288
1019932 61084.088743
1019971 61084.108722
1019972 61084.109171
1019973 61084.109619
1019974 61084.110068
1019975 61084.110531
1019976 61084.110976
1019977 61084.11145
1019978 61084.111896
1019979 61084.112341
1019980 61084.112788
1019981 61084.11324
1019982 61084.113687
1020001 61084.123519
1020002 61084.124138
1020003 61084.124597
1020005 61084.125582
1020006 61084.126132
1020043 61084.145766
1020044 61084.146357
1020049 61084.149721
1039915 61109.027071
1039916 61109.027517
1039917 61109.027966
1039918 61109.028413
1039920 61109.029307
1039921 61109.029753
1039922 61109.030199
1039923 61109.030647
1039924 61109.031096
1039925 61109.031543
1039926 61109.031988
1039927 61109.032434
1039928 61109.032907
1039929 61109.033386
1039930 61109.033833
1039931 61109.034278
1039932 61109.034741
1039933 61109.03519
1039934 61109.035638
1039937 61109.036991
1039948 61109.04236
1039949 61109.042806
1039954 61109.045136
1039955 61109.045581
1039956 61109.046027
1039957 61109.046472
1039958 61109.046917
1039959 61109.047366
1039960 61109.047813
1039961 61109.048324
1039962 61109.048773
1039963 61109.049222
1039965 61109.05012
1040008 61109.070251
1041699 61111.057475
1041700 61111.057924
1041701 61111.058422
1041707 61111.061162
1041742 61111.079567
1041743 61111.080016
1041744 61111.080461
1042546 61112.0635
1042547 61112.063949
1042548 61112.064397
1042549 61112.064842
1042550 61112.065313
1042551 61112.065762
1042552 61112.066236
1042553 61112.066681
1042556 61112.068118
1042590 61112.08617
1043299 61113.032392
1043300 61113.032837
1043301 61113.033286
1043302 61113.033731
1043303 61113.03418
1043304 61113.034653
1045023 61115.021717
1128099 61239.411081
1148138 61262.301376
1148139 61262.301824
1148140 61262.302272
1148141 61262.30272
1148142 61262.303168
1148146 61262.304963
1148147 61262.30541
1148182 61262.322523
1148183 61262.32297
1148184 61262.323416
1148185 61262.323865
1148186 61262.324312
1148192 61262.32703
1148193 61262.327478
1148194 61262.327925
1154191 61269.310899
1154192 61269.311346
1154193 61269.3118
1154194 61269.312248
1154195 61269.312695
1154196 61269.313143
1154197 61269.313589
1154198 61269.31404
1154199 61269.314492
1154200 61269.314937
1154204 61269.316756
1154205 61269.317207
1154222 61269.325947
1154223 61269.326395
1154224 61269.326842
1154225 61269.327299
1154226 61269.327748
1154227 61269.328195
1154228 61269.328644
1154236 61269.333009
1154237 61269.333462
1154238 61269.33391
1154239 61269.334372
1154240 61269.334863
1154279 61269.354377
1154280 61269.354833
1154308 61269.37015
1154309 61269.370598
1154310 61269.371054
1154331 61269.381825
1154332 61269.382274
1154334 61269.383202
1154335 61269.383748
1154354 61269.393828
1154356 61269.394756
1154357 61269.39531
1169213 61298.277325
1169214 61298.277773
1169215 61298.278221
1169216 61298.278671
1169217 61298.27912
1169218 61298.279578
1169219 61298.280026
1169220 61298.280473
1169221 61298.280922
1169222 61298.281368
1169223 61298.281816
1169224 61298.282265
1169225 61298.282719
1169226 61298.283168
1169227 61298.283622
1169228 61298.284071
1169229 61298.28452
1169230 61298.284969
1169231 61298.285426
1169232 61298.285881
1169253 61298.295597
1169254 61298.296045
1169261 61298.300193
1169262 61298.300642
1169263 61298.301093
1169264 61298.301542
1169265 61298.301991
1169266 61298.30244
1169267 61298.302888
1169268 61298.303375
1169269 61298.303824
1169270 61298.304286
1169271 61298.304735
1169272 61298.305189
1169273 61298.305638
1169274 61298.306087
1169275 61298.306536
1169276 61298.306998
1169277 61298.307453
1169295 61298.315634
1169320 61298.326903
1169328 61298.330871
1169361 61298.34615
1169946 61299.198722
1169954 61299.202354
1169955 61299.202801
1169956 61299.203251
1169958 61299.204146
1169959 61299.204595
1169960 61299.205043
1169961 61299.205491
1169962 61299.205938
1169963 61299.206385
1169966 61299.207727
1169967 61299.208186
1170010 61299.230132
1170013 61299.231476
1170015 61299.232371
1170019 61299.234481
1170020 61299.23493
1170021 61299.235381
1170022 61299.23583
1170027 61299.238185
1170049 61299.248228
1170050 61299.248785
1170051 61299.249248
1170052 61299.249717
1170088 61299.26661
1170092 61299.268667
1170093 61299.269139
1170095 61299.27006
1170111 61299.277357
1192506 61327.360332
1192507 61327.360786
1192510 61327.362214
1192511 61327.362748
1193835 61329.211264
1193846 61329.216191
1193847 61329.21664
1193888 61329.239159
1193889 61329.239624
1193898 61329.243965
1193899 61329.244413
1193908 61329.248447
1193909 61329.248901
1193910 61329.249355
1193911 61329.249803
1193912 61329.250251
1193913 61329.250699
1193914 61329.251155
1193915 61329.251604
1193916 61329.252053
1193917 61329.252501
1193918 61329.252957
1193919 61329.253409
1193920 61329.253857
1193921 61329.254306
1193922 61329.254755
1193923 61329.255204
1193949 61329.270039
1193954 61329.272303
1193956 61329.273352
1193957 61329.273807
1193958 61329.274263
1193959 61329.274716
1193960 61329.275172
1193961 61329.275626
1193962 61329.276166
1193963 61329.276616
1193964 61329.277104
1193965 61329.277563
1193966 61329.278126
1193967 61329.278636
1193968 61329.279113
1193969 61329.279571
1193970 61329.280019
1194622 61330.215685
1194623 61330.216134
1194624 61330.216582
1194631 61330.21975
1194632 61330.220198
1194633 61330.220647
1194634 61330.221095
1194635 61330.221544
1194636 61330.221993
1194651 61330.228962
1194652 61330.22941
1194653 61330.229858
1194654 61330.230306
1194657 61330.231706
1194658 61330.232154
1194659 61330.232603
1194660 61330.233051
1194661 61330.2335
1194667 61330.236436
1194915 61330.358942
1194916 61330.359392
1202853 61343.068924
1202888 61343.087688
1202889 61343.088138
1202924 61343.104482
1202925 61343.104929
1202926 61343.105376
1202927 61343.105823
1202928 61343.10627
1202929 61343.10672
1202930 61343.107167
1202931 61343.107613
1204534 61349.260388
1204572 61349.278349
1204574 61349.279434
1205374 61351.290852
1205378 61351.292779
1205422 61351.314828
1205426 61351.316748
1206077 61355.275369
1206079 61355.27636
1206080 61355.276809
1206081 61355.277258
1206082 61355.277707
1206083 61355.278156
1206084 61355.278605
1206085 61355.279054
1206086 61355.27952
1206087 61355.279969
1206088 61355.280439
1206125 61355.300591
1206128 61355.301999
1206129 61355.302448
1206130 61355.302897
1206131 61355.303346
1206132 61355.303795
1206133 61355.304244
1206134 61355.304718
1206135 61355.305167
1206136 61355.305639
1206139 61355.30758
1206140 61355.308029
1206173 61355.328297
1206174 61355.328746
1206429 61356.100489
1206430 61356.100938
1206431 61356.101384
1206432 61356.101839
1206433 61356.102285
1206434 61356.102733
1206435 61356.103182
1206436 61356.103636
1206437 61356.104085
1206467 61356.11894
1206468 61356.119386
1206469 61356.119845
1206470 61356.120297
1206471 61356.120746
1206472 61356.121194
1206474 61356.122102
1206478 61356.123942
1206479 61356.124391
1206480 61356.12484
1206481 61356.125289
1206482 61356.125738
1206483 61356.126187
1206484 61356.126637
1206507 61356.137717
1206508 61356.138166
1206509 61356.138615
1206510 61356.13907
1206511 61356.139519
1206512 61356.139968
1206513 61356.14044
1206515 61356.141348
1206516 61356.141797
1206517 61356.142251
1206545 61356.155532
1206546 61356.155981
1206547 61356.15643
1206548 61356.156943
1206549 61356.157392
1206550 61356.15784
1206551 61356.158289
1206552 61356.158742
1206553 61356.159203
1206554 61356.159653
1206590 61356.177208
1206591 61356.177665
1206597 61356.180404
1206598 61356.180853
1206600 61356.181858
1207415 61358.050151
1207416 61358.050598
1207476 61358.081078
1207477 61358.081528
1207478 61358.081977
1207479 61358.082426
1207480 61358.082871
1207481 61358.083356
1207482 61358.083802
1207483 61358.084251
1207484 61358.084717
1207485 61358.085237
1207489 61358.087128
1207505 61358.094675
1207507 61358.095629
1207509 61358.09662
1207510 61358.097067
1207511 61358.097516
1207512 61358.097982
1207513 61358.098494
1207514 61358.098942
1207515 61358.099392
1207516 61358.099841
1207517 61358.100315
1207526 61358.10438
1207527 61358.104989
1207530 61358.106725
1207531 61358.107237
1207548 61358.115086
1208460 61359.217047
1221223 61378.170893
1221264 61378.190526
1221269 61378.192843
1225277 61384.073267
1225278 61384.073726
1225279 61384.074175
1225280 61384.074623
1225322 61384.094016
1225324 61384.094924
1225325 61384.095373
1225326 61384.095854
1225327 61384.096319
1225328 61384.096768
1225386 61384.125045
1225387 61384.125494
1225393 61384.128193
1225398 61384.130523
1225399 61384.130983
1225400 61384.131432
1225401 61384.131888
1225402 61384.132486
1225403 61384.132938
1225404 61384.133456
1225405 61384.133913
1225406 61384.134382
1225445 61384.155011
1225446 61384.155628
1225447 61384.156078
1225448 61384.156562
1225449 61384.157011
1225450 61384.157524
1225451 61384.158225
1225452 61384.158685
1225453 61384.159168
1225454 61384.159618
1225455 61384.160068
1225456 61384.160539
1225462 61384.163299
1225463 61384.163765
1225464 61384.164216
1225465 61384.164665
1225466 61384.165113
1225483 61384.173158
1225484 61384.173607
1225485 61384.174089
1225488 61384.175875
1225494 61384.17862
1225495 61384.179086
1225496 61384.179535
1225513 61384.187736
1225514 61384.188185
1225515 61384.188643
1225516 61384.18911
1225563 61384.212078
1225600 61384.231196
1225635 61384.249345
1226118 61385.154866
1226162 61385.178732
1240764 61414.072322
1240765 61414.072779
1240766 61414.073232
1240769 61414.074596
1240798 61414.087733
1240799 61414.088183
1240800 61414.08864
1240801 61414.089122
1240913 61414.141108
1240915 61414.142005
1240916 61414.142454
1240917 61414.142919
1240933 61414.150504
1240943 61414.155297
1240953 61414.159917
1240954 61414.160366
1240956 61414.161279
1240957 61414.161737
1240958 61414.16221
1240959 61414.162673
1240960 61414.163134
1240961 61414.163671
1240962 61414.164128
1240970 61414.167755
1240971 61414.168202
1240972 61414.168651
1240973 61414.169102
1240974 61414.169551
1240975 61414.17
1240977 61414.170974
1240978 61414.171423
1240979 61414.171876
1240980 61414.17237
1240981 61414.172819
1240984 61414.174412
1240985 61414.174879
1240986 61414.175341
1240987 61414.175796
1240997 61414.180553
1240998 61414.181
1240999 61414.181449
1241000 61414.181899
1241012 61414.187583
1241013 61414.188032
1241014 61414.18849
1241015 61414.188939
1241016 61414.18939
1241017 61414.189878
1241018 61414.190327
1241553 61415.113834
1241591 61415.134808
1257444 61438.060703
1257445 61438.061161
1257446 61438.06161
1257447 61438.062066
1257448 61438.062514
1257449 61438.062967
1257451 61438.063864
1257452 61438.064312
1257453 61438.064761
1257454 61438.065211
1257455 61438.06566
1257456 61438.066107
1257459 61438.067462
1257460 61438.067911
1257461 61438.068369
1257476 61438.0759
1257477 61438.076358
1257478 61438.076807
1257479 61438.077262
1257480 61438.077711
1257481 61438.078161
1257483 61438.079058
1257484 61438.079505
1257485 61438.079954
1257486 61438.080403
1257487 61438.080852
1257488 61438.0813
1257491 61438.082655
1257492 61438.083103
1257493 61438.083551
1257494 61438.084002
1257495 61438.084451
1257498 61438.085804
1257529 61438.100085
1257536 61438.10326
1257537 61438.103723
1257567 61438.118038
1257568 61438.118487
1257573 61438.120775
1257574 61438.121224
1257575 61438.121673
1257576 61438.122122
1257577 61438.122571
1257578 61438.12302
1257580 61438.123916
1257581 61438.124363
1257582 61438.124812
1257584 61438.125705
1257588 61438.127593
1257589 61438.128051
1257593 61438.12995
1257606 61438.136686
1257607 61438.137132
1257608 61438.137577
1257609 61438.138025
1257610 61438.13847
1257611 61438.138928
1257612 61438.139377
1257613 61438.139826
1257614 61438.140281
1257615 61438.140739
1257636 61438.151827
1258264 61439.094876
1258266 61439.095773
1259730 61441.076634
1260427 61442.065657
1260459 61442.083247
1260492 61442.104231
1275544 61462.049563
1275545 61462.050016
1275546 61462.050465
1275547 61462.050914
1275548 61462.051368
1275549 61462.051817
1275550 61462.052266
1275566 61462.060271
1275568 61462.061176
1275569 61462.061696
1275570 61462.062145
1275571 61462.062594
1275572 61462.063047
1275573 61462.063496
1275574 61462.063943
1275575 61462.064392
1275576 61462.064838
1275577 61462.065287
1275579 61462.066238
1276343 61463.042201
1276351 61463.045902
1276352 61463.046407
1276372 61463.055577
1276373 61463.056026
1276383 61463.060863
1276384 61463.061318
1276385 61463.061838
1276386 61463.062287
1276387 61463.062736
1276388 61463.063191
1276415 61463.075681
1276416 61463.07613
1276417 61463.076583
1277164 61464.033815
1277184 61464.042766
1277185 61464.043213
1277186 61464.04366
1277187 61464.044109
1277188 61464.044557
1277189 61464.04501
1277190 61464.045457
1277231 61464.06451
1277232 61464.064956
1277233 61464.065402
1277234 61464.065849
1277235 61464.066295
1277240 61464.068594
1277272 61464.083424
1277273 61464.083872
1277274 61464.084321
1277275 61464.08477
1277293 61464.092874
1277294 61464.093323
1277295 61464.093772
1277296 61464.094219
1277297 61464.094668
1277298 61464.095205
1277299 61464.09565
1277300 61464.096108
1277303 61464.097518
1277304 61464.097967
1277317 61464.104535
1277332 61464.111572
1277333 61464.112019
1277334 61464.112555
1277997 61465.033155
1277998 61465.033611
1277999 61465.03406
1278000 61465.034528
1278001 61465.03501
1278002 61465.035459
1278008 61465.038138
1278012 61465.039932
1278013 61465.040381
1278034 61465.05048
1278035 61465.050931
1278036 61465.051379
1278037 61465.051846
1278038 61465.052322
1278041 61465.054085
1278042 61465.054534
1279679 61467.068378
1279680 61467.068824
1279681 61467.069272
1279682 61467.069725
1279707 61467.084022
1280423 61468.039078
1280468 61468.062686
1306202 61502.022487
1306203 61502.022932
1306204 61502.023377
1306205 61502.023824
1306214 61502.027876
1404489 61643.281558
1404490 61643.282012
1404491 61643.282464
1410629 61654.328445
1410661 61654.34299
1412467 61656.334757
1412468 61656.335206
1412469 61656.335654
1412472 61656.337007
1412475 61656.338352
1412498 61656.348663
1412499 61656.349112
1412500 61656.34956
1412502 61656.350465
1412503 61656.350922
1412504 61656.351371
1412505 61656.351822
1412547 61656.371424
1413599 61672.177424
1413600 61672.177872
1413602 61672.178768
1413603 61672.179216
1413604 61672.179664
1413605 61672.180112
1413634 61672.193611
1413636 61672.194507
1413637 61672.194954
1413638 61672.195402
1413639 61672.195849
1413640 61672.196301
1413641 61672.196748
1413642 61672.197195
1413643 61672.197641
1413644 61672.19809
1413645 61672.198537
1413647 61672.199432
1413670 61672.209803
1413671 61672.210252
1413672 61672.210698
1413673 61672.211145
1413674 61672.211594
1413675 61672.212093
1413676 61672.212539
1413677 61672.212988
1413685 61672.216707
1413705 61672.225928
1413706 61672.226376
1413707 61672.226822
1413708 61672.227268
1413709 61672.227715
1413710 61672.228162
1413711 61672.22861
1413712 61672.229057
1413713 61672.229503
1413714 61672.229952
1413739 61672.241648
1413740 61672.242097
1413741 61672.242543
1413743 61672.243438
1413744 61672.243885
1413745 61672.244331
1413746 61672.244779
1413747 61672.245231
1413748 61672.24568
1413749 61672.246129
1413750 61672.246577
1413751 61672.247023
1413752 61672.247468
1413791 61672.266604
1413792 61672.267055
1413793 61672.26751
1413794 61672.267959
1413795 61672.268408
1413796 61672.268865
1413797 61672.269314
1413798 61672.269769
1413799 61672.270218
1413800 61672.270672
1413801 61672.271121
1413802 61672.27157
1413803 61672.272019
1413804 61672.272474
1413805 61672.272923
1413806 61672.273372
1413807 61672.273821
1413808 61672.274276
1413809 61672.274725
1413810 61672.275174
1413811 61672.275645
1413812 61672.276094
1413833 61672.288485
1413834 61672.288934
1413835 61672.289396
1413836 61672.289845
1413837 61672.2903
1413838 61672.290749
1413839 61672.291197
1413840 61672.291646
1413841 61672.292102
1413842 61672.292605
1413843 61672.293123
1413844 61672.293572
1413845 61672.29402
1413846 61672.294476
1413847 61672.294924
1413848 61672.295381
1413849 61672.295895
1413850 61672.296343
1413857 61672.29948
1413858 61672.299935
1413859 61672.300384
1413860 61672.300832
1413861 61672.301281
1413863 61672.302182
1413864 61672.30264
1413865 61672.303102
1413866 61672.303575
1413867 61672.304024
1413868 61672.304473
1413869 61672.304938
1413870 61672.305387
1413871 61672.305998
1413872 61672.306469
1413873 61672.306946
1413890 61672.316023
1413891 61672.316475
1413892 61672.316926
1413893 61672.317374
1413894 61672.317823
1413897 61672.319187
1413898 61672.319656
1413899 61672.320137
1413900 61672.320586
1413901 61672.321035
1413902 61672.321508
1413903 61672.321956
1413904 61672.322634
1413905 61672.32311
1413906 61672.323577
1414540 61673.209685
1414541 61673.21014
1414545 61673.212078
1414575 61673.22739
1414576 61673.227846
1414580 61673.229811
1414599 61673.239379
1414601 61673.240364
1414602 61673.240814
1414603 61673.241269
1414604 61673.241716
1414630 61673.254021
1414631 61673.254473
1414632 61673.254924
1414633 61673.255388
1414634 61673.255839
1414635 61673.256404
1417429 61679.168237
1417491 61679.198028
1436153 61704.208646
1436154 61704.209094
1436155 61704.209552
1436156 61704.210001
1436157 61704.21045
1436177 61704.219408
1436178 61704.219857
1436179 61704.220322
1436180 61704.220771
1436181 61704.22122
1436182 61704.221733
1436183 61704.222188
1436184 61704.22264
1436185 61704.223137
1436186 61704.223585
1436206 61704.232613
1436207 61704.233062
1436208 61704.233528
1436209 61704.233977
1436210 61704.234432
1436211 61704.23496
1436212 61704.23548
1436213 61704.235929
1436215 61704.236844
1436253 61704.255169
1436254 61704.255619
1436259 61704.257939
1436380 61704.314342
1436381 61704.314924
1436382 61704.31557
1436383 61704.316063
1436384 61704.316846
1436404 61704.326514
1436405 61704.327078
1436406 61704.3277
1436415 61704.332907
1436443 61704.346044
1436445 61704.34695
1436446 61704.347615
1436447 61704.348064
1437834 61706.234962
1437881 61706.257178
1437886 61706.259812
1438287 61707.080423
1438439 61707.161215
1438440 61707.161663
1438441 61707.162122
1438442 61707.162571
1438443 61707.16302
1438444 61707.163471
1438445 61707.16392
1438446 61707.164371
1438447 61707.164819
1438448 61707.165265
1438449 61707.165714
1438450 61707.16616
1438466 61707.173375
1438467 61707.173829
1438470 61707.175672
1438471 61707.176121
1438472 61707.176579
1438473 61707.177028
1438474 61707.177477
1438475 61707.177934
1438476 61707.178383
1438477 61707.178839
1438478 61707.179292
1438479 61707.179741
1438481 61707.180637
1438497 61707.187953
1438498 61707.188411
1449279 61729.187047
1449284 61729.189315
1449285 61729.189823
1449287 61729.19083
1449288 61729.191279
1449289 61729.191764
1449290 61729.192214
1449291 61729.192664
1449292 61729.193443
1449295 61729.195363
1449907 61730.143663
1449908 61730.144166
1449909 61730.144615
1449912 61730.146245
1449938 61730.158215
1449948 61730.164354
1449949 61730.165051
1449950 61730.1655
1449951 61730.165949
1449966 61730.174023
1449967 61730.175559
1450096 61730.236889
1450097 61730.237338
1450116 61730.248692
1450117 61730.249141
1457450 61742.05341
1457451 61742.053859
1457452 61742.054308
1457457 61742.05661
1457458 61742.057059
1457459 61742.057508
1457460 61742.057957
1457461 61742.058404
1457462 61742.058849
1457463 61742.059298
1457464 61742.059756
1457465 61742.060206
1457466 61742.060661
1457467 61742.061122
1457468 61742.061572
1457469 61742.062021
1457470 61742.06247
1457471 61742.062919
1457472 61742.063372
1457473 61742.063822
1457474 61742.064271
1457475 61742.064721
1457476 61742.065172
1457493 61742.073122
1457494 61742.073571
1457495 61742.074024
1457496 61742.074475
1457498 61742.075481
1457503 61742.077978
1457504 61742.078436
1457505 61742.078894
1457506 61742.079357
1457507 61742.07982
1457508 61742.080269
1457509 61742.080718
1457510 61742.081167
1457511 61742.081616
1457512 61742.082349
1457513 61742.082798
1457514 61742.083247
1457515 61742.083696
1457516 61742.084145
1457560 61742.104638
1457561 61742.105086
1457562 61742.105544
1457563 61742.106058
1457564 61742.106573
1457565 61742.107033
1457612 61742.129303
1457614 61742.13026
1457615 61742.130753
1457832 61742.239248
1457883 61742.264803
1457919 61742.283517
1457942 61742.294436
1469385 61759.147843
1469386 61759.148292
1469387 61759.14881
1469388 61759.149367
1469389 61759.149842
1469390 61759.150354
1469391 61759.150804
1469392 61759.151513
1469395 61759.152933
1469396 61759.153506
1469425 61759.167992
1469426 61759.168441
1469427 61759.168899
1469428 61759.169412
1469429 61759.169894
1469430 61759.170351
1469431 61759.170838
1469433 61759.171837
1469434 61759.17237
1469435 61759.17282
1469472 61759.190093
1470020 61760.123252
1470035 61760.130228
1470036 61760.130689
1470037 61760.131174
1470038 61760.131631
1470039 61760.132249
1470067 61760.14628
1470068 61760.146729
1470069 61760.147185
1470070 61760.147633
1470071 61760.148082
1470172 61760.197952
1470173 61760.198401
1470174 61760.19885
1470175 61760.199299
1470176 61760.199748
1470177 61760.200196
1470223 61760.223068
1470224 61760.223517
1470225 61760.223966
1470226 61760.224415
1470227 61760.224863
1472927 61766.165604
1472948 61766.177187
1472949 61766.177709
1488158 61788.125207
1488162 61788.127002
1488163 61788.12745
1488175 61788.133599
1488176 61788.134047
1488177 61788.134495
1488178 61788.134944
1488179 61788.135392
1488182 61788.136747
1488752 61789.062882
1488760 61789.066705
1488761 61789.067162
1488762 61789.067637
1488763 61789.068087
1488764 61789.068537
1488766 61789.069442
1488767 61789.069892
1488768 61789.070343
1488769 61789.070792
1488770 61789.071267
1488771 61789.071717
1488772 61789.072167
1488773 61789.072617
1488774 61789.07308
1488775 61789.07353
1488776 61789.07398
1488777 61789.07449
1488778 61789.07494
1488779 61789.07539
1488780 61789.075921
1488785 61789.078692
1488793 61789.082446
1488794 61789.082902
1488795 61789.083395
1488796 61789.083844
1488797 61789.084294
1488798 61789.084741
1488801 61789.086106
1488802 61789.086556
1488803 61789.087005
1488804 61789.087457
1488805 61789.087906
1488806 61789.088373
1488807 61789.088822
1488808 61789.089272
1488809 61789.089729
1488810 61789.090466
1488811 61789.090923
1488812 61789.091411
1488813 61789.092014
1490253 61791.108686
1490254 61791.109134
1490255 61791.109583
1490256 61791.110039
1490257 61791.110487
1490258 61791.110959
1490259 61791.111424
1490260 61791.111882
1490261 61791.112331
1490262 61791.112818
1490263 61791.113292
1490296 61791.130297
1490297 61791.130785
1490298 61791.131243
1490299 61791.131692
1490300 61791.132141
1490301 61791.132595
1490302 61791.133044
1490303 61791.13351
1490304 61791.133968
1490306 61791.13488
1490307 61791.135392
1490309 61791.137382
1507300 61816.059226
1507306 61816.061956
1507307 61816.062414
1507308 61816.062863
1507309 61816.063312
1507310 61816.063761
1508096 61817.051343
1508097 61817.051792
1508098 61817.05225
1508105 61817.055639
1508106 61817.056087
1508107 61817.056535
1508108 61817.056983
1508109 61817.057431
1508110 61817.057879
1508111 61817.058328
1508137 61817.070357
1508138 61817.070815
1508145 61817.07413
1508146 61817.074579
1508147 61817.075027
1508148 61817.075475
1508149 61817.075924
1508152 61817.077268
1509741 61819.077634
1509742 61819.078081
1509743 61819.078527
1509746 61819.079867
1509747 61819.080314
1509748 61819.080762
1509749 61819.081208
1509750 61819.081654
1509751 61819.0821
1509752 61819.082547
1509753 61819.082997
1509754 61819.083443
1509755 61819.083889
1509758 61819.085234
1509759 61819.085681
1509760 61819.086127
1509761 61819.086574
1509762 61819.087023
1509763 61819.087472
1509764 61819.087918
1509765 61819.088365
1509783 61819.096775
1509784 61819.097221
1509785 61819.097667
1509786 61819.098112
1509787 61819.098557
1509788 61819.099032
1509794 61819.10171
1509795 61819.102155
1509796 61819.102602
1509797 61819.103052
1509798 61819.103498
1509799 61819.103963
1509800 61819.104412
1509801 61819.104865
1509802 61819.105318
1509803 61819.105768
1509804 61819.106217
1509805 61819.106663
1509806 61819.107111
1509807 61819.107556
1509808 61819.108005
1509809 61819.10845
1509830 61819.118705
1509831 61819.119154
1509832 61819.119602
1509833 61819.120053
1509834 61819.120499
1509835 61819.120948
1509836 61819.121394
1509837 61819.121842
1509838 61819.122304
1509841 61819.123649
1509880 61819.14257
1509881 61819.143017
1510489 61820.055317
1510493 61820.057116
1510494 61820.057567
1510495 61820.058016
1510513 61820.066659
1510514 61820.067109
1510519 61820.069385
1510520 61820.069834
1510536 61820.077477
1510537 61820.077923
1510538 61820.078372
1510540 61820.079377
1510541 61820.079826
1510542 61820.080275
1510567 61820.093259
1510568 61820.093708
1535577 61851.017612
1535578 61851.018061
1535579 61851.018509
1535587 61851.022081
1535602 61851.028929
1535603 61851.029378
1535610 61851.032621
1535616 61851.035296
1555842 61877.992259
1555845 61877.993596
1637719 62027.217647
1637720 62027.218096
1637721 62027.218543
1637723 62027.21944
1637756 62027.235206
1637757 62027.235655
1637759 62027.236552
1637863 62027.284853
1637864 62027.2853
1637865 62027.285756
1637866 62027.286215
1637867 62027.286663
1637868 62027.287112
1637869 62027.287561
1637870 62027.28801
1637871 62027.288462
1637872 62027.288911
1637873 62027.28936
1637874 62027.289848
1637875 62027.290417
1637876 62027.290875
1637877 62027.291335
1637896 62027.301578
1637897 62027.302027
1637898 62027.302479
1637899 62027.302935
1637903 62027.305226
1637904 62027.30568
1637905 62027.306129
1637906 62027.306578
1637907 62027.30705
1637908 62027.307499
1637909 62027.307959
1637910 62027.308408
1637911 62027.308857
1637912 62027.309358
1637913 62027.309824
1637915 62027.310741
1637926 62027.317008
1637927 62027.317475
1637965 62027.337288
1638644 62028.319546
1642891 62033.179325
1645453 62036.162899
1645507 62036.19011
1645509 62036.191018
1645510 62036.191466
1645511 62036.191913
1645552 62036.213541
1645553 62036.213987
1645554 62036.214436
1645585 62036.228812
1645586 62036.229259
1645587 62036.229714
1645588 62036.230169
1645589 62036.230617
1645590 62036.231064
1645591 62036.231522
1645592 62036.231996
1645593 62036.232441
1645594 62036.23289
1645595 62036.233348
1645596 62036.233796
1645597 62036.234246
1645598 62036.234695
1645599 62036.235147
1645600 62036.235596
1645601 62036.236082
1645602 62036.236531
1645603 62036.236987
1645628 62036.249161
1645630 62036.250069
1645631 62036.250525
1645632 62036.250973
1645633 62036.251443
1645634 62036.251891
1645635 62036.252338
1645636 62036.2528
1645641 62036.256284
1645642 62036.256734
1645643 62036.257183
1645644 62036.257632
1645645 62036.258081
1645646 62036.258537
1645647 62036.258986
1645648 62036.259435
1645649 62036.259889
1645650 62036.260388
1645657 62036.26368
1645661 62036.265897
1645664 62036.267241
1645667 62036.268582
1645668 62036.269028
1645693 62036.280735
1645696 62036.282087
1645700 62036.283881
1645737 62036.301781
1645738 62036.30254
1645794 62036.332898
1661826 62056.2776
1661827 62056.278049
1661829 62056.278964
1661830 62056.279413
1661833 62056.28079
1661834 62056.281239
1661835 62056.281698
1661841 62056.284409
1661842 62056.284858
1661843 62056.285307
1661844 62056.285766
1661845 62056.286222
1661857 62056.293576
1661858 62056.295265
1661862 62056.297217
1661864 62056.298159
1661865 62056.298608
1661869 62056.300446
1661870 62056.300895
1661871 62056.301344
1661873 62056.302269
1661874 62056.302732
1661876 62056.303726
1661877 62056.304208
1661878 62056.304828
1661883 62056.307871
1661888 62056.310992
1661889 62056.311449
1661896 62056.315495
1661898 62056.316569
1661899 62056.317682
1661900 62056.318222
1661901 62056.318718
1661902 62056.319188
1661904 62056.320108
1661905 62056.320558
1661909 62056.322382
1661917 62056.326327
1661923 62056.329176
1661926 62056.330537
1661937 62056.336538
1661938 62056.337036
1661939 62056.337484
1661940 62056.337973
1661941 62056.338453
1661942 62056.338903
1661943 62056.339359
1661947 62056.341331
1661949 62056.343094
1661950 62056.343805
1661951 62056.344275
1661952 62056.344799
1661953 62056.345452
1661954 62056.345902
1661960 62056.348658
1661963 62056.350031
1661964 62056.350481
1661965 62056.350942
1661966 62056.351479
1661967 62056.351989
1665448 62061.190032
1665486 62061.211515
1665489 62061.212867
1665555 62061.248151
1665586 62061.262892
1665587 62061.26336
1665636 62061.28638
1665637 62061.286894
1666122 62064.135683
1666153 62064.153498
1666157 62064.156107
1666158 62064.156556
1666160 62064.157455
1666161 62064.157903
1666162 62064.158352
1666163 62064.158801
1666164 62064.15925
1666165 62064.159703
1666166 62064.160152
1666167 62064.160605
1666168 62064.161054
1666169 62064.161512
1666170 62064.161961
1666171 62064.162444
1666172 62064.16289
1666173 62064.163338
1666174 62064.163785
1666175 62064.164242
1666176 62064.164698
1666193 62064.17288
1666194 62064.173329
1666195 62064.17378
1666196 62064.174229
1666197 62064.174679
1666199 62064.175619
1666200 62064.176069
1666201 62064.176526
1666202 62064.176975
1666203 62064.177432
1666204 62064.177881
1666205 62064.178329
1666206 62064.178801
1666207 62064.179293
1666208 62064.179741
1666209 62064.180189
1666210 62064.180638
1666212 62064.181551
1683286 62091.202373
1683322 62091.219553
1683323 62091.220024
1683324 62091.220536
1683352 62091.234458
1683353 62091.23494
1683354 62091.235396
1683355 62091.235844
1683372 62091.244364
1683373 62091.244839
1683374 62091.245491
1683375 62091.245975
1683376 62091.246461
1683377 62091.246934
1683378 62091.247449
1683379 62091.24792
1683380 62091.24837
1683381 62091.248874
1683382 62091.249324
1683398 62091.257108
1683399 62091.257577
1683400 62091.2582
1683401 62091.258672
1683402 62091.259226
1683411 62091.264179
1683412 62091.264638
1683413 62091.265095
1683414 62091.265558
1683415 62091.266044
1683416 62091.266492
1683417 62091.266941
1683427 62091.271808
1683429 62091.272723
1684031 62092.213014
1684048 62092.222127
1684049 62092.222577
1684050 62092.223082
1684051 62092.223532
1684073 62092.234579
1684081 62092.238833
1684082 62092.239291
1684083 62092.239755
1684084 62092.240273
1684939 62094.188665
1684971 62094.203625
1687879 62098.209324
1687927 62098.23434
1687928 62098.234844
1687929 62098.235293
1687930 62098.235742
1687931 62098.236243
1687932 62098.236692
1687941 62098.243769
1687942 62098.244218
1687980 62098.264273
1687981 62098.264722
1687982 62098.265191
1702210 62120.227899
1702246 62120.245055
1702274 62120.258762
1702281 62120.261975
1702282 62120.262422
1702283 62120.262868
1702284 62120.263315
1702285 62120.263764
1702286 62120.26421
1702287 62120.264657
1702288 62120.265103
1702289 62120.265552
1702290 62120.266001
1702291 62120.26645
1702292 62120.266923
1702294 62120.267833
1702300 62120.270571
1702301 62120.271071
1702302 62120.271628
1702303 62120.272073
1702304 62120.272529
1702305 62120.272982
1702312 62120.276804
1702313 62120.277249
1702314 62120.277695
1702315 62120.278144
1702316 62120.278589
1702317 62120.279063
1702318 62120.279512
1702319 62120.279961
1702320 62120.280433
1702330 62120.285305
1702331 62120.285796
1702332 62120.286345
1702333 62120.28679
1702334 62120.287245
1702335 62120.287694
1704138 62123.155977
1704139 62123.156426
1704148 62123.160547
1704180 62123.176088
1704301 62123.237737
1704302 62123.238205
1704347 62123.260582
1704900 62124.195578
1704901 62124.196399
1704944 62124.219201
1704945 62124.219977
1717666 62143.145378
1717667 62143.145826
1717668 62143.146275
1718208 62144.07437
1718265 62144.105142
1718266 62144.105609
1718279 62144.111532
1718280 62144.111981
1718281 62144.112429
1718282 62144.112878
1718283 62144.113326
1718284 62144.113791
1718285 62144.114278
1718286 62144.114738
1718287 62144.115195
1718288 62144.115647
1718289 62144.116146
1718290 62144.116596
1718295 62144.118874
1718296 62144.119324
1718312 62144.127125
1718318 62144.130098
1718319 62144.130547
1718320 62144.130996
1718321 62144.131445
1718322 62144.131893
1718323 62144.132374
1718324 62144.132824
1718325 62144.13328
1718326 62144.133731
1718327 62144.134193
1718328 62144.134644
1718334 62144.137358
1718351 62144.145094
1718352 62144.145543
1718353 62144.145991
1718354 62144.146452
1718355 62144.146951
1718359 62144.149041
1718363 62144.151239
1718364 62144.151688
1718366 62144.152585
1718377 62144.157628
1718378 62144.158077
1718379 62144.158524
1718386 62144.162395
1718387 62144.162868
1718389 62144.163815
1718394 62144.166717
1718402 62144.17058
1718938 62145.10132
1718939 62145.101769
1718940 62145.102218
1718958 62145.111455
1718959 62145.111904
1718960 62145.112598
1718976 62145.120664
1718983 62145.12471
1718990 62145.128461
1725422 62154.16837
1725423 62154.168825
1725424 62154.169274
1725425 62154.169729
1725426 62154.170183
1725427 62154.170632
1725433 62154.173387
1725435 62154.174381
1725436 62154.174838
1725446 62154.179609
1725447 62154.180058
1725448 62154.180505
1725449 62154.181044
1725450 62154.181493
1725451 62154.181945
1725452 62154.1824
1725454 62154.183299
1725459 62154.185724
1725460 62154.186177
1725475 62154.193689
1725476 62154.194137
1725477 62154.194582
1725478 62154.195028
1725479 62154.195473
1725480 62154.19592
1725525 62154.219246
1737045 62170.054762
1737046 62170.055226
1737047 62170.055674
1737048 62170.056141
1737049 62170.056638
1737050 62170.057146
1737051 62170.057594
1737879 62171.084793
1737880 62171.085261
1737881 62171.08571
1737882 62171.086177
1737883 62171.086636
1737884 62171.087126
1739406 62173.081689
1739444 62173.099639
1739446 62173.100554
1739447 62173.101019
1739477 62173.114951
1739478 62173.115411
1740196 62174.09444
1740197 62174.094886
1740198 62174.095335
1740199 62174.095784
1740200 62174.096239
1740201 62174.096693
1740202 62174.097142
1740203 62174.097591
1740204 62174.09804
1740206 62174.098938
1740207 62174.099504
1740208 62174.099951
1740211 62174.101295
1740212 62174.101743
1740213 62174.102195
1740214 62174.102644
1740216 62174.10355
1740217 62174.104002
1740220 62174.105345
1740221 62174.105817999996
1740226 62174.10806
1740227 62174.108506
1740228 62174.108952
1740229 62174.109399
1740231 62174.110294
1740232 62174.110742
1740233 62174.111189
1740234 62174.111644
1740235 62174.112094
1740236 62174.112542
1740237 62174.112996
1740238 62174.113517
1740239 62174.113963
1740242 62174.115306
1740243 62174.115753
1740244 62174.116204
1740245 62174.116653
1740246 62174.117102
1740247 62174.117557
1740248 62174.118008
1740251 62174.119351
1740252 62174.119824
1740253 62174.120271
1740955 62175.094563
1766768 62207.021704
1766769 62207.022153
1766770 62207.022602
1766771 62207.023054
1766772 62207.023503
1766773 62207.02395
1766774 62207.024399
1766777 62207.025769
1766778 62207.026231
1766779 62207.026676
1766780 62207.027122
1766781 62207.027568
1766782 62207.028027
1766783 62207.028474
1766784 62207.028923
1766785 62207.029374
1766786 62207.029823
1766787 62207.030282
1766788 62207.030731
1766805 62207.038489
1766806 62207.038938
1766807 62207.039387
1766808 62207.039834
1766809 62207.040283
1766810 62207.040728
1766811 62207.04123
1766812 62207.041679
1766813 62207.042127
1766814 62207.042573
1766815 62207.043019
1766816 62207.043464
1766817 62207.043929
1766818 62207.044383
1766819 62207.044832
1766838 62207.053473
1772828 62215.017421
1772830 62215.018328
1772831 62215.018776
1772832 62215.019225
1772834 62215.020174
1772836 62215.021078
1772837 62215.021527
1772838 62215.021976
1772839 62215.022422
1772840 62215.022867
1772842 62215.023762
1772843 62215.024207
1772852 62215.028243
1772853 62215.02883
1772854 62215.029278
1772860 62215.031952
1772861 62215.032401
1772862 62215.032846
1772863 62215.03332
1772867 62215.035156
1772868 62215.035605
1772869 62215.03605
1772874 62215.038442
1772878 62215.040233
1772882 62215.042144
1772883 62215.042747
1772900 62215.050418
1772901 62215.050893
1878654 62353.367518
1878677 62353.38436
1878678 62353.38482
1878701 62353.399031
1878702 62353.399483
1878703 62353.400057
1878704 62353.400527
1878705 62353.400976
1878713 62353.404624
1878715 62353.40553
1878717 62353.406434
1878718 62353.406974
1878719 62353.407423
1878720 62353.407894
1878721 62353.408342
1878722 62353.408791
1878734 62353.416523
1878739 62353.418858
1881535 62356.298195
1881558 62356.310163
1881559 62356.310619
1881635 62356.349419
1881636 62356.349865
1881637 62356.350328
1881682 62356.371974
1881683 62356.372426
1881684 62356.372895
1885045 62361.269725
1885089 62361.290407
1885120 62361.304529
1885121 62361.305
1885122 62361.305447
1885123 62361.305894
1885124 62361.306351
1885125 62361.306799
1885126 62361.307272
1885127 62361.307718
1885128 62361.308167
1885129 62361.308615
1885134 62361.310892
1885135 62361.311364
1885136 62361.311899
1885137 62361.312348
1885157 62361.321853
1885159 62361.322756
1885160 62361.323205
1885161 62361.323683
1885162 62361.324129
1885163 62361.324579
1885164 62361.325028
1885169 62361.327345
1885170 62361.327818
1885171 62361.328363
1885172 62361.328815
1885199 62361.341325
1885200 62361.341778
1885201 62361.342235
1885202 62361.342773
1885203 62361.343228
1885209 62361.346304
1885247 62361.366028
1885248 62361.366485
1885249 62361.36704
1885250 62361.367494
1885256 62361.370626
1904967 62387.261357
1904968 62387.261806
1904969 62387.262256
1905003 62387.277633
1905005 62387.278537
1905006 62387.278986
1905033 62387.291259
1905034 62387.291707
1905035 62387.292156
1905036 62387.292604
1905042 62387.29528
1905043 62387.295726
1905044 62387.296174
1905045 62387.296623
1905046 62387.297072
1905047 62387.297525
1905048 62387.297973
1905049 62387.298421
1905050 62387.298867
1905057 62387.302006
1905058 62387.302454
1905059 62387.302983
1905060 62387.303435
1905061 62387.303884
1905075 62387.310245
1905076 62387.310694
1905077 62387.311143
1905078 62387.311597
1905084 62387.314311
1905085 62387.31476
1905086 62387.31521
1905087 62387.315657
1905092 62387.318014
1905093 62387.318463
1905094 62387.318922
1905095 62387.319425
1905096 62387.319879
1905097 62387.320329
1905127 62387.334248
1905128 62387.334697
1905129 62387.335146
1905130 62387.335611
1905132 62387.337165
1905154 62387.347293
1905155 62387.347779
1905159 62387.350095
1905160 62387.350544
1905161 62387.350992
1905162 62387.351458
1905191 62387.366431
1905192 62387.366945
1905193 62387.367447
1905236 62387.387741
1919924 62410.196214
1919925 62410.196662
1919926 62410.197109
1919927 62410.197556
1919956 62410.212631
1919960 62410.214453
1919961 62410.214904
1919970 62410.21893
1919996 62410.231117
1920016 62410.240158
1920017 62410.240616
1920018 62410.241064
1920019 62410.24152
1920020 62410.241968
1920021 62410.242417
1920022 62410.242874
1920023 62410.243323
1920024 62410.243772
1920025 62410.244232
1920026 62410.244681
1920027 62410.24513
1920028 62410.24558
1920050 62410.257338
1920051 62410.257796
1920052 62410.258269
1920053 62410.258718
1920054 62410.259191
1920055 62410.25964
1920056 62410.260104
1920057 62410.260553
1920058 62410.261002
1920059 62410.261451
1920081 62410.275092
1920082 62410.275608
1920083 62410.276056
1920084 62410.276512
1920087 62410.277861
1920088 62410.278317
1920089 62410.278774
1920101 62410.286778
1920102 62410.287277
1920103 62410.287732
1920104 62410.288188
1920105 62410.28864
1920106 62410.289088
1920107 62410.289544
1920108 62410.289993
1921046 62411.331296
1921056 62411.335804
1921057 62411.33628
1921058 62411.336736
1921059 62411.337196
1921060 62411.337646
1921062 62411.338584
1921063 62411.339069
1921064 62411.339519
1921065 62411.340201
1921066 62411.340822
1921067 62411.34137
1921068 62411.341819
1921070 62411.342818
1921082 62411.34878
1921092 62411.353535
1921093 62411.353984
1921094 62411.354453
1921096 62411.355468
1921097 62411.356056
1921098 62411.356589
1921099 62411.357068
1921100 62411.357517
1921101 62411.358134
1921102 62411.358628
1921103 62411.359372
1921112 62411.364591
1921113 62411.36504
1921114 62411.365614
1921115 62411.366082
1921116 62411.366768
1921117 62411.367235
1921124 62411.371942
1921126 62411.373186
1921496 62412.137651
1921543 62412.161477
1921561 62412.170177
1921562 62412.170624
1921563 62412.171073
1921564 62412.17154
1921591 62412.186659
1921592 62412.187105
1921593 62412.187554
1921594 62412.188021
1921600 62412.190754
1921629 62412.204057
1921639 62412.211012
1921668 62412.225192
1921669 62412.225641
1921670 62412.226095
1921671 62412.226547
1921672 62412.226996
1921673 62412.227455
1921696 62412.239494
1921697 62412.239943
1921698 62412.240392
1921699 62412.240847
1921700 62412.241306
1921764 62412.27211
1921765 62412.272566
1921766 62412.273014
1921767 62412.273561
1921803 62412.291065
1921804 62412.291521
1921805 62412.29197
1921806 62412.292572
1923054 62414.228949
1923055 62414.229399
1923097 62414.251864
1923098 62414.252323
1923099 62414.252772
1923100 62414.253238
1923101 62414.25369
1923104 62414.255253
1923147 62414.277598
1923148 62414.278091
1923149 62414.278556
1940753 62438.084723
1940754 62438.08517
1940755 62438.085617
1940756 62438.086064
1940793 62438.105609
1940794 62438.106056
1940795 62438.106503
1940796 62438.106952
1940797 62438.107401
1940815 62438.115907
1940817 62438.116802
1940818 62438.117249
1940819 62438.117696
1940820 62438.118143
1940821 62438.118592
1940822 62438.119038
1940823 62438.119485
1940824 62438.119932
1940826 62438.120827
1940827 62438.121274
1940828 62438.121742
1940829 62438.12219
1940830 62438.122639
1940831 62438.123085
1940832 62438.12353
1940833 62438.123977
1940834 62438.124426
1940835 62438.124874
1940836 62438.125336
1940848 62438.131237
1940849 62438.131685
1940850 62438.132146
1940851 62438.132595
1940852 62438.133042
1940854 62438.133937
1940863 62438.138139
1940864 62438.138588
1940865 62438.139037
1940866 62438.139484
1940867 62438.139931
1940869 62438.140826
1940870 62438.14131
1940871 62438.141759
1940872 62438.142207
1940873 62438.142657
1940874 62438.14311
1940875 62438.143559
1940876 62438.144012
1940877 62438.144476
1940885 62438.148141
1940886 62438.148589
1940887 62438.149036
1940888 62438.149486
1940889 62438.149935
1940890 62438.150381
1940891 62438.150826
1940893 62438.151721
1940894 62438.152166
1940895 62438.152615
1940925 62438.167827
1940926 62438.168276
1940927 62438.168728
1940928 62438.169182
1940929 62438.169679
1940930 62438.170175
1955659 62467.145517
1956276 62468.099771
1956279 62468.101477
1956280 62468.101933
1956281 62468.102385
1956282 62468.102851
1956283 62468.103316
1956318 62468.121082
1956319 62468.121704
1956320 62468.122163
1956321 62468.122618
1956322 62468.123073
1956323 62468.123539
1956440 62468.18093
1956441 62468.181386
1956444 62468.182818
1956445 62468.183285
1956446 62468.18386
1956447 62468.184628
1956448 62468.185223
1956449 62468.185673
1956450 62468.186207
1956451 62468.187137
1960218 62477.126142
1960254 62477.143245
1961524 62479.083571
1961525 62479.084019
1961526 62479.08449
1961562 62479.10214
1961563 62479.102631
1961573 62479.107255
1961574 62479.107729
1961575 62479.108246
1961577 62479.109334
1961612 62479.126256
1961613 62479.126782
1961614 62479.127251
1961676 62479.15798
1973339 62496.109366
1974046 62497.14211
1974047 62497.14291
1974048 62497.143359
1975371 62499.111341
1975372 62499.111791
1975373 62499.112275
1975374 62499.112725
1975375 62499.113186
1975376 62499.113662
1975377 62499.114112
1975378 62499.114573
1975402 62499.125626
1975403 62499.126076
1975404 62499.126545
1975405 62499.126995
1975406 62499.127464
1975407 62499.127914
1975408 62499.128457
1975409 62499.128918
1975448 62499.147451
1975523 62499.183335
1975524 62499.183801
1975525 62499.184271
1975527 62499.18566
1975564 62499.20448
1975565 62499.204954
1975568 62499.20633
1979570 62505.131347
1979571 62505.131849
1979572 62505.132358
1979595 62505.143299
1979596 62505.143791
1979597 62505.144272
1982332 62509.095289
1982333 62509.095744
1982361 62509.108941
1982362 62509.109498
1982363 62509.109947
1982395 62509.125426
1982396 62509.125875
1982397 62509.126324
1982398 62509.126782
1982399 62509.127231
1982400 62509.127702
1982401 62509.128151
1982402 62509.1286
1982403 62509.129049
1982404 62509.129497
1982406 62509.130403
1982407 62509.130852
1982408 62509.131301
1982409 62509.131759
1982410 62509.132208
1982411 62509.132675
1982412 62509.13314
1982413 62509.133597
1982414 62509.134049
1982415 62509.134509
1982417 62509.135466
1982418 62509.135916
1982425 62509.13993
1982426 62509.140378
1982428 62509.141302
1982429 62509.14176
1982430 62509.142209
1982431 62509.142658
1982432 62509.143107
1982433 62509.143566
1982434 62509.144014
1982435 62509.144463
1982436 62509.144918
1982437 62509.145367
1982438 62509.145816
1982439 62509.146272
1982440 62509.14672
1982441 62509.147188
1982442 62509.147636
1982444 62509.148556
1982445 62509.149011
1982446 62509.149459
1982447 62509.149912
1982448 62509.150361
1982453 62509.152992
1982489 62509.170297
1982491 62509.171331
1982492 62509.171789
1982493 62509.172248
1982494 62509.172696
1982533 62509.191792
1982534 62509.19225
1982535 62509.192708
1982536 62509.193157
1993816 62525.076302
1996698 62529.059991
1996700 62529.060933
1996701 62529.061381
1996705 62529.063196
1996736 62529.078041
1996737 62529.078489
1996741 62529.080305
1996823 62529.118809
1996824 62529.119257
1996865 62529.140379
1996866 62529.140828
1996872 62529.143584
1996873 62529.144223
1996925 62529.170353
1996934 62529.174841
1996935 62529.175308
1996936 62529.175761
1996937 62529.176209
1996938 62529.176668
1996983 62529.199819
1996985 62529.200739
2020615 62560.036536
2020616 62560.036987
2020617 62560.037436
2020618 62560.037884
2020619 62560.038333
2020620 62560.03878
2020644 62560.049635
2020645 62560.050123
2020646 62560.050571
2020647 62560.05102
2020648 62560.051472
2020649 62560.051944
2020650 62560.05239
2020669 62560.061007
2020670 62560.061453
2020671 62560.0619
2020672 62560.062349
2020673 62560.062798
2020674 62560.063252
2020675 62560.063701
2020676 62560.06415
2020677 62560.064599
2020678 62560.065047
2020679 62560.065492
2020680 62560.065938
2020681 62560.066439
2020682 62560.066885
2020685 62560.068222
2020686 62560.068667
2020687 62560.069115
2020688 62560.069568
2020689 62560.070015
2020690 62560.07046
2020691 62560.070905
2020692 62560.071354
2020693 62560.0718
2020694 62560.072245
2020695 62560.072724
2020696 62560.073176
2020697 62560.073625
2020698 62560.074074
2020699 62560.07452
2020700 62560.074966
2020705 62560.077341
2020706 62560.077788
2020707 62560.078237
2020708 62560.078686
2020709 62560.079133
2020710 62560.079582
2020711 62560.08003
2020712 62560.080478
2020713 62560.080925
2020715 62560.081827
2020716 62560.082272
2020717 62560.082721
2020718 62560.083165
2020737 62560.091778
2020738 62560.092225
2020739 62560.09267
2020740 62560.093119
2020741 62560.093564
2020742 62560.094013
2020743 62560.094474
2020744 62560.09492
2020748 62560.096789
2020765 62560.10444
2020782 62560.112259
2026555 62567.029059
2026557 62567.029949
2026559 62567.030843
2026560 62567.031289
2026561 62567.031766
2026562 62567.032213
2027435 62568.045844
2027436 62568.046293
2027439 62568.047742
2027440 62568.048296
2027458 62568.056755
2027461 62568.058402
2027462 62568.058945
2027464 62568.059874
2027468 62568.06171
2048985 62598.004351
2048986 62598.004797
2136697 62736.282397
2136698 62736.282845
2136720 62736.292819
2136797 62736.329375
2136864 62736.361482
2136865 62736.36193
2136866 62736.362379
2136867 62736.362835
2136868 62736.363284
2136911 62736.383837
2136912 62736.384286
2136913 62736.384763
2136914 62736.385212
2136915 62736.385661
2136916 62736.386159
2136917 62736.386608
2136919 62736.387515
2136920 62736.387965
2136921 62736.388433
2136922 62736.388887
2136923 62736.389343
2136924 62736.389814
2136925 62736.390268
2136927 62736.391173
2136954 62736.406113
2136955 62736.406613
2136957 62736.407632
2136958 62736.408081
2137644 62737.371246
2137648 62737.373044
2137661 62737.37965
2137662 62737.380098
2137663 62737.380559
2137664 62737.381008
2137665 62737.381523
2137666 62737.381972
2137667 62737.38243
2137668 62737.382901
2137669 62737.383475
2137670 62737.383933
2137671 62737.384382
2137673 62737.385278
2137695 62737.3977
2137696 62737.398159
2137697 62737.398608
2137698 62737.399073
2137699 62737.399522
2137700 62737.400036
2137701 62737.400485
2137702 62737.400957
2137703 62737.401451
2137704 62737.401899
2137705 62737.402348
2137706 62737.402828
2137707 62737.403285
2137708 62737.40374
2140312 62740.238977
2140313 62740.239424
2140314 62740.23987
2140320 62740.24262
2140321 62740.243067
2140369 62740.269154
2140370 62740.269604
2146711 62747.330909
2146763 62747.354647
2146770 62747.35779
2146771 62747.358238
2146772 62747.358694
2146773 62747.359143
2146774 62747.359592
2146775 62747.360041
2146782 62747.363514
2146783 62747.363965
2146784 62747.364413
2146785 62747.364887
2146786 62747.365336
2146787 62747.365792
2146788 62747.366251
2146789 62747.366699
2146790 62747.367148
2146791 62747.367606
2146792 62747.368142
2146795 62747.369486
2146801 62747.372287
2146802 62747.372735
2146803 62747.373191
2146804 62747.37364
2146805 62747.374088
2146813 62747.377983
2146814 62747.378439
2146815 62747.378906
2146816 62747.37939
2146817 62747.379847
2146818 62747.380369
2146819 62747.380825
2146820 62747.381308
2146821 62747.381768
2146822 62747.382235
2146824 62747.383148
2146825 62747.383596
2146827 62747.384527
2146828 62747.384976
2146829 62747.385425
2146830 62747.385897
2146831 62747.386398
2146832 62747.386856
2161502 62765.267889
2161503 62765.268339
2161504 62765.268788
2161505 62765.269237
2161506 62765.269686
2161507 62765.270135
2161529 62765.280283
2161530 62765.280756
2161531 62765.281205
2161532 62765.281665
2161533 62765.282114
2161534 62765.282563
2161535 62765.283012
2161536 62765.283461
2161537 62765.283911
2161561 62765.294977
2161562 62765.295448
2161563 62765.295896
2161564 62765.296346
2161565 62765.296801
2161566 62765.297323
2161567 62765.297771
2161569 62765.298759
2161570 62765.299208
2161571 62765.299657
2161574 62765.30107
2161575 62765.301519
2161576 62765.301967
2161577 62765.302425
2161578 62765.30288
2161579 62765.303329
2161580 62765.303778
2161586 62765.306619
2161587 62765.307068
2161612 62765.320321
2161613 62765.32077
2161614 62765.321218
2161615 62765.321835
2161617 62765.322761
2161618 62765.323222
2161620 62765.324737
2161621 62765.325186
2161622 62765.325644
2161623 62765.326128
2161624 62765.326586
2161625 62765.327035
2161626 62765.327507
2161627 62765.328071
2161629 62765.329322
2161630 62765.329771
2161631 62765.33022
2166314 62772.265743
2166325 62772.270668
2166354 62772.284905
2166355 62772.285354
2166356 62772.285802
2180882 62793.090852
2180883 62793.091299
2180912 62793.104516
2180913 62793.104964
2180915 62793.105859
2180918 62793.10731
2181032 62793.163609
2181033 62793.164055
2181034 62793.164501
2181036 62793.165396
2181037 62793.165843
2181038 62793.166289
2181039 62793.166735
2181040 62793.167184
2181041 62793.167633
2181042 62793.168082
2181044 62793.168986
2181045 62793.169435
2181047 62793.170338
2181049 62793.171235
2181050 62793.171682
2181051 62793.172129
2181070 62793.180748
2181071 62793.181197
2181072 62793.181645
2181073 62793.182091
2181075 62793.182986
2181076 62793.183432
2181077 62793.18388
2181078 62793.184365
2181079 62793.184814
2181080 62793.261597
2181081 62793.262046
2181642 62794.144081
2181643 62794.144528
2181644 62794.144974
2181645 62794.14542
2181646 62794.145866
2181647 62794.146315
2181648 62794.146763
2181649 62794.14721
2181650 62794.147656
2181651 62794.148113
2181652 62794.148561
2181661 62794.152587
2181672 62794.157606
2181673 62794.158063
2181674 62794.158509
2181675 62794.158955
2181676 62794.159404
2181677 62794.159853
2181678 62794.160299
2181679 62794.160747
2181680 62794.161197
2181681 62794.161651
2181682 62794.1621
2181683 62794.162549
2181702 62794.171321
2181725 62794.181985
2181726 62794.182435
2181738 62794.187808
2181791 62794.213129
2181792 62794.213578
2181824 62794.229557
2181829 62794.231878
2181840 62794.236826
2181841 62794.237275
2181842 62794.237724
2181843 62794.238185
2181844 62794.238633
2181845 62794.239089
2181846 62794.239558
2181847 62794.240023
2181848 62794.240511
2181849 62794.24131
2181850 62794.241759
2181851 62794.242208
2181854 62794.243569
2181855 62794.244018
2181857 62794.244929
2181865 62794.249691
2181866 62794.250139
2181868 62794.25144
2181874 62794.256145
2181875 62794.256594
2181876 62794.257192
2181877 62794.257651
2181878 62794.258119
2181879 62794.258578
2181880 62794.259108
2181881 62794.259558
2181882 62794.260083
2181885 62794.262054
2181929 62794.288415
2187598 62802.125
2187599 62802.125456
2187600 62802.125909
2187602 62802.126811
2187607 62802.129074
2187608 62802.129542
2187609 62802.129991
2187610 62802.130437
2187611 62802.130886
2187612 62802.131333
2187613 62802.131778
2187643 62802.146583
2187644 62802.147038
2187645 62802.147496
2187646 62802.14795
2187650 62802.14977
2187651 62802.150287
2187652 62802.150771
2187653 62802.151242
2187654 62802.151691
2187655 62802.152141
2187656 62802.152591
2187657 62802.15304
2187658 62802.15349
2187672 62802.159784
2187673 62802.160233
2187674 62802.1607
2187675 62802.161162
2187715 62802.180522
2187716 62802.180983
2187717 62802.181431
2187718 62802.181887
2187721 62802.183556
2188376 62803.125512
2188377 62803.125963
2188378 62803.126429
2188433 62803.15429
2188435 62803.155262
2188436 62803.15572
2188437 62803.156186
2188509 62803.192533
2188559 62803.217773
2197644 62824.261335
2197673 62824.278141
2199151 62828.07378
2199152 62828.074229
2199153 62828.074674
2199154 62828.075149
2199159 62828.077452
2199170 62828.082639
2199171 62828.083088
2199172 62828.083546
2199173 62828.084
2199174 62828.084453
2199175 62828.084907
2199176 62828.085354
2199177 62828.085803
2199178 62828.08625
2199179 62828.08673
2199193 62828.093222
2199203 62828.098901
2199204 62828.09935
2199205 62828.099811
2199206 62828.100266
2199207 62828.100725
2199208 62828.101188
2212463 62852.068921
2212464 62852.069444
2212465 62852.069952
2212466 62852.070401
2212467 62852.070928
2212468 62852.071432
2212506 62852.090321
2212507 62852.090918
2212508 62852.091427
2212509 62852.091894
2212510 62852.092513
2212511 62852.093073
2212660 62852.162195
2212661 62852.162653
2212666 62852.165547
2212667 62852.166137
2212668 62852.166781
2213332 62853.161615
2213380 62853.185191
2213382 62853.186101
2214599 62855.128265
2214603 62855.130197
2214604 62855.130647
2214605 62855.131129
2214632 62855.143605
2214633 62855.144055
2214634 62855.144538
2214644 62855.149505
2214645 62855.150005
2214646 62855.150482
2214647 62855.150974
2214648 62855.151555
2214649 62855.152005
2214671 62855.162824
2214672 62855.163369
2214673 62855.163822
2214674 62855.164308
2214675 62855.164766
2214677 62855.165711
2214678 62855.16616
2214684 62855.16902
2214689 62855.172527
2214710 62855.18367
2214711 62855.184119
2218932 62864.086161
2218933 62864.086618
2218934 62864.087086
2218949 62864.093968
2218972 62864.106321
2218996 62864.11839
2219013 62864.127723
2219014 62864.128239
2219031 62864.136356
2219032 62864.13684
2219033 62864.137346
2219034 62864.137816
2219054 62864.149275
2219055 62864.149777
2219056 62864.150311
2219070 62864.156952
2219074 62864.159492
2219075 62864.159962
2219076 62864.160459
2230939 62884.085561
2230940 62884.086011
2230960 62884.095857
2230971 62884.102094
2230972 62884.102555
2230973 62884.103011
2230974 62884.103461
2230977 62884.104861
2230978 62884.10535
2230996 62884.113707
2230997 62884.114156
2230998 62884.114604
2230999 62884.115227
2231000 62884.115677
2231001 62884.116126
2231002 62884.116574
2231005 62884.118058
2231006 62884.118505
2231007 62884.118954
2231008 62884.11941
2231028 62884.130235
2231029 62884.130684
2231030 62884.131133
2231031 62884.131582
2231032 62884.132038
2231033 62884.132487
2231144 62884.188742
2231187 62884.211929
2237236 62894.056744
2237237 62894.057193
2237239 62894.058108
2237240 62894.058572
2237243 62894.060177
2237247 62894.062277
2237248 62894.062735
2237249 62894.063212
2237250 62894.063713
2237251 62894.064195
2237252 62894.064682
2237253 62894.065157
2237254 62894.065606
2237256 62894.066667
2237277 62894.077462
2237281 62894.079361
2237282 62894.07981
2237283 62894.080531
2237287 62894.082609
2237288 62894.083068
2237289 62894.083535
2237290 62894.084007
2237291 62894.084455
2237292 62894.084939
2237293 62894.085407
2237294 62894.085858
2237296 62894.08688
2237426 62894.156326
2264632 62940.022303
2264656 62940.033198
2265497 62941.018561
2265498 62941.01901
2265499 62941.019458
2265500 62941.019904
2265501 62941.020353
2265502 62941.020802
2265524 62941.030694
2265525 62941.03117
2265526 62941.031619
2268103 62945.033083
2268104 62945.03353
2268105 62945.033979
2268106 62945.034433
2268107 62945.034907
2268130 62945.046514
2268160 62945.062483
2268161 62945.062927
2268906 62946.014231
2268907 62946.014734
2268908 62946.01518
2289926 62969.996138
2289927 62969.996583
2289931 62969.998375
2292268 62972.99638
2292290 62973.006465
2362758 63092.386704
2362759 63092.387153
2363935 63094.334961
2363936 63094.33541
2363937 63094.335859
2363938 63094.336308
2363939 63094.336755
2363940 63094.337201
2363941 63094.337647
2363942 63094.338093
2363943 63094.338542
2363944 63094.338988
2363945 63094.339434
2363946 63094.339882
2363947 63094.340331
2363948 63094.340779
2363949 63094.341228
2363951 63094.342133
2363953 63094.343035
2363954 63094.343484
2363955 63094.343931
2363976 63094.353949
2363977 63094.354399
2363978 63094.354848
2363979 63094.355301
2363980 63094.35575
2363981 63094.356199
2363982 63094.356648
2363985 63094.358003
2363986 63094.358474
2363987 63094.358923
2363988 63094.359372
2363989 63094.359818
2363990 63094.360267
2363991 63094.360715
2367698 63101.292785
2367700 63101.293681
2367701 63101.294127
2367702 63101.294576
2367703 63101.295022
2367704 63101.295473
2367705 63101.295939
2367711 63101.298707
2367712 63101.299246
2367713 63101.299691
2367714 63101.300136
2367733 63101.309283
2367734 63101.309732
2367735 63101.310179
2367736 63101.310627
2367737 63101.311073
2367738 63101.31152
2367739 63101.311974
2367740 63101.31242
2367747 63101.315751
2367748 63101.316301
2367749 63101.316749
2367750 63101.317199
2367751 63101.317651
2367796 63101.338464
2367819 63101.349031
2367820 63101.34948
2367821 63101.349929
2367822 63101.350384
2367835 63101.35725
2367836 63101.357699
2367837 63101.358151
2367838 63101.35861
2367839 63101.359059
2367840 63101.359816
2367841 63101.360273
2367842 63101.360727
2367843 63101.361177
2367844 63101.361624
2367850 63101.364308
2367861 63101.369819
2367863 63101.370724
2367864 63101.371172
2367873 63101.375641
2367874 63101.37609
2367875 63101.376543
2367876 63101.377001
2367877 63101.37745
2367878 63101.378069
2367879 63101.37853
2367880 63101.378987
2367892 63101.384875
2367893 63101.385481
2367894 63101.38593
2396800 63148.241911
2396835 63148.258784
2396836 63148.259232
2396837 63148.259688
2396838 63148.260137
2396839 63148.260585
2396874 63148.279131
2396875 63148.279587
2396876 63148.280053
2396877 63148.280501
2396878 63148.280957
2396879 63148.28141
2396880 63148.281887
2396917 63148.299734
2396918 63148.300192
2396921 63148.30273
2396922 63148.303293
2396923 63148.303742
2396924 63148.304191
2396925 63148.304675
2396926 63148.305139
2396927 63148.305595
2396928 63148.306063
2396929 63148.30652
2396930 63148.306976
2396931 63148.307444
2396932 63148.307894
2396933 63148.308343
2396934 63148.30881
2396939 63148.311082
2396940 63148.311531
2396949 63148.316516
2396959 63148.321097
2396960 63148.321548
2396961 63148.322162
2396962 63148.322871
2396963 63148.323321
2396964 63148.323781
2396966 63148.324716
2396968 63148.325622
2396969 63148.326081
2396970 63148.327006
2396971 63148.327485
2396972 63148.328026
2396974 63148.328959
2396975 63148.329416
2396976 63148.329896
2396977 63148.330415
2396978 63148.330865
2396979 63148.331316
2396980 63148.331766
2396981 63148.332247
2396982 63148.332698
2396983 63148.333262
2396984 63148.333713
2396985 63148.334163
2396986 63148.334613
2396987 63148.335085
2396988 63148.335555
2399299 63151.243248
2399300 63151.243699
2399334 63151.259006
2399337 63151.260387
2399348 63151.265752
2399433 63151.305218
2399438 63151.307489
2399439 63151.307954
2399440 63151.308427
2399441 63151.308877
2399442 63151.30936
2399477 63151.326309
2399478 63151.326768
2399479 63151.327218
2399480 63151.327724
2399481 63151.328174
2399482 63151.32867
2401246 63153.354519
2401936 63154.284621
2401974 63154.304102
2401975 63154.304551
2401976 63154.305132
2401977 63154.305597
2402031 63154.333699
2402047 63154.3422
2403997 63157.117969
2404008 63157.123037
2404038 63157.13686
2404042 63157.138652
2404059 63157.146412
2404111 63157.172313
2404112 63157.172765
2404113 63157.173214
2404134 63157.182672
2404135 63157.18312
2404146 63157.188059
2404147 63157.188508
2404148 63157.188954
2404162 63157.195386
2404167 63157.197707
2404174 63157.200907
2404177 63157.202267
2404178 63157.202716
2404179 63157.203165
2404189 63157.207837
2404195 63157.21053
2404196 63157.210979
2404197 63157.211428
2404198 63157.211877
2404199 63157.212326
2404200 63157.212775
2404201 63157.213237
2404202 63157.213703
2404203 63157.214151
2404204 63157.214604
2404205 63157.215052
2404206 63157.215501
2404207 63157.215959
2404208 63157.216495
2404209 63157.216944
2404210 63157.217438
2404230 63157.226506
2404231 63157.226955
2404232 63157.227404
2404233 63157.227853
2404234 63157.228302
2404235 63157.228751
2404236 63157.229224
2404237 63157.229672
2404238 63157.230121
2404239 63157.230593
2404240 63157.231042
2404241 63157.231501
2404242 63157.232056
2404243 63157.232505
2404244 63157.232954
2404245 63157.233403
2404246 63157.233852
2404247 63157.2343
2404248 63157.234761
2404249 63157.23521
2404250 63157.235658
2404251 63157.236107
2404252 63157.236556
2404290 63157.254836
2404291 63157.255287
2404292 63157.255758
2404293 63157.256214
2404294 63157.256689
2404295 63157.257145
2404296 63157.257936
2404297 63157.258385
2404298 63157.258833
2404335 63157.276703
2404346 63157.281707
2404347 63157.282156
2404349 63157.283143
2404381 63157.298368
2404382 63157.298818
2417313 63181.180151
2417314 63181.180599
2417315 63181.181046
2417316 63181.181499
2417317 63181.181947
2417318 63181.182395
2417364 63181.203648
2417365 63181.204097
2417366 63181.20456
2417367 63181.205086
2417368 63181.205536
2417369 63181.206017
2417370 63181.206466
2417416 63181.227647
2417417 63181.228109
2417428 63181.233545
2417429 63181.234025
2417466 63181.251952
2417467 63181.252435
2417841 63182.083914
2417872 63182.101216
2417873 63182.101673
2417874 63182.102171
2417908 63182.121842
2417909 63182.122356
2417910 63182.122872
2417926 63182.131632
2417954 63182.147186
2417968 63182.15527
2432894 63205.059006
2432924 63205.072705
2432925 63205.073154
2432967 63205.092361
2432968 63205.092811
2433002 63205.108614
2433003 63205.109064
2435215 63208.172955
2435216 63208.173416
2435217 63208.173866
2435218 63208.174316
2435219 63208.174804
2435220 63208.175261
2435222 63208.17617
2435223 63208.176619
2435224 63208.177076
2435225 63208.177531
2435226 63208.17798
2435227 63208.178428
2435246 63208.187998
2435247 63208.188447
2435248 63208.188907
2435249 63208.189363
2435250 63208.189811
2435251 63208.19026
2435260 63208.194959
2435261 63208.195407
2435262 63208.195856
2435263 63208.196304
2435264 63208.196796
2435280 63208.204828
2435281 63208.205282
2435282 63208.205732
2435283 63208.206182
2435284 63208.206639
2435285 63208.207094
2435286 63208.207551
2435287 63208.208018
2435288 63208.208508
2435289 63208.209002
2435290 63208.209727
2435291 63208.210176
2435292 63208.210635
2435294 63208.211532
2435328 63208.228397
2435329 63208.228846
2435330 63208.229305
2435331 63208.229754
2435332 63208.230213
2435333 63208.230665
2435334 63208.231113
2435335 63208.231561
2435336 63208.232215
2435337 63208.232664
2435338 63208.233123
2435340 63208.23402
2435346 63208.237265
2435347 63208.237714
2440624 63218.144086
2440628 63218.146355
2440633 63218.148641
2440671 63218.168006
2441250 63219.113317
2441254 63219.11524
2441255 63219.115697
2441256 63219.116222
2441257 63219.116685
2441302 63219.138977
2441303 63219.139534
2441328 63219.154137
2441329 63219.154598
2441330 63219.155129
2441331 63219.155766
2441362 63219.170719
2441363 63219.171214
2441396 63219.186609
2441412 63219.193964
2441413 63219.194413
2441414 63219.194872
2441420 63219.198006
2441421 63219.198457
2441423 63219.199487
2441424 63219.199954
2441425 63219.200542
2441426 63219.201067
2441444 63219.20976
2441445 63219.210215
2441448 63219.211583
2441449 63219.212031
2441453 63219.214522
2441454 63219.21499
2441455 63219.215539
