179284 59818.411731
183093 59822.40373
183094 59822.404223
183095 59822.404693
183099 59822.406826
183100 59822.407344
204752 59857.375687
427749 60192.398835
645730 60539.415841
671023 60575.38626
692714 60603.357475
692715 60603.357924
898798 60893.418571
941096 60958.366549
941097 60958.367006
941098 60958.367454
1196502 61332.358762
1196503 61332.359218
1196504 61332.359666
1196505 61332.360123
1196507 61332.36121
1196508 61332.361659
1217312 61371.336037
1413138 61671.384079
1432736 61697.358957
1432738 61697.359863
1432739 61697.360311
1432740 61697.36076
1432741 61697.361209
1676963 62081.3447
1676964 62081.345149
1676965 62081.345598
1676966 62081.346047
1676967 62081.346496
1676968 62081.346945
1676969 62081.347394
1934509 62428.358566
1934510 62428.359024
2129341 62724.417095
2150414 62752.396104
2150415 62752.396657
2150416 62752.397106
2151358 62753.395548
2178172 62789.3624
2181294 62793.361705
2181295 62793.362157
2181296 62793.362614
2181297 62793.363094
2181298 62793.363548
2359598 63085.419816
2359599 63085.420265
2359600 63085.42072
2377265 63117.398971
2377266 63117.399469
2393694 63144.37198
2393695 63144.372429
2393696 63144.372878
2393697 63144.373327
2400407 63152.364445
2400408 63152.364893
2400409 63152.365342
2400410 63152.365837
