obsHistID expMJD
1473 59582.041668
1501 59582.054262
2167 59583.040856
2182 59583.047594
2183 59583.048048
2206 59583.058541
4321 59586.037323
4322 59586.037771
4323 59586.03822
4324 59586.038669
4351 59586.050784
4352 59586.051232
4353 59586.051681
4354 59586.052144
7907 59591.037115
7908 59591.037565
7909 59591.038021
7918 59591.042089
7919 59591.042545
7920 59591.043037
7942 59591.053255
7943 59591.053705
7944 59591.054201
7945 59591.05465
32630 59624.019083
32631 59624.019532
32632 59624.019981
32633 59624.020446
32634 59624.020895
32635 59624.021344
32636 59624.021792
32637 59624.022241
32638 59624.022697
32639 59624.023145
32640 59624.023594
32641 59624.024072
32642 59624.02452
32643 59624.024971
32644 59624.025421
32649 59624.027672
32650 59624.028122
32651 59624.028622
32670 59624.037696
32671 59624.038144
32672 59624.0386
32673 59624.039049
32674 59624.039507
32675 59624.039956
32676 59624.040405
35128 59627.01839
35129 59627.018847
35131 59627.01977
35132 59627.020285
35134 59627.02121
35166 59627.037381
35167 59627.037838
46273 59641.005809
46274 59641.006258
46275 59641.006707
46276 59641.007156
46277 59641.007605
46278 59641.008062
46279 59641.008511
46280 59641.00896
46281 59641.009409
46282 59641.009858
46283 59641.010307
46304 59641.019827
46305 59641.020275
46306 59641.020724
46307 59641.021177
46308 59641.021626
46309 59641.022075
46310 59641.022524
46311 59641.022973
46312 59641.023431
46313 59641.02388
46314 59641.024329
48938 59645.006932
48939 59645.00738
48940 59645.007834
48941 59645.008289
48942 59645.008738
48943 59645.009186
48944 59645.009635
48945 59645.010084
48946 59645.010533
48956 59645.01504
48957 59645.015489
48958 59645.015937
48959 59645.016386
48960 59645.016835
48961 59645.017284
48962 59645.017738
48963 59645.018187
48964 59645.018636
48965 59645.019085
48966 59645.019534
48969 59645.020959
48970 59645.021408
64484 59662.988214
64485 59662.988663
64517 59663.003063
64518 59663.003512
67991 59666.98976
68004 59666.995586
68005 59666.996032
68006 59666.996481
68007 59666.99693
87166 59689.974239
179300 59818.420493
181196 59820.408123
181197 59820.408578
181222 59820.419831
181223 59820.420288
181224 59820.420758
181225 59820.421242
181226 59820.421692
181227 59820.422141
184047 59823.418685
191500 59836.40119
193261 59839.390416
193262 59839.390866
193267 59839.39313
193268 59839.393581
193269 59839.394031
193270 59839.394481
193271 59839.394952
193272 59839.395408
193273 59839.395865
193281 59839.399484
193282 59839.399964
193283 59839.400413
197705 59844.398069
197706 59844.398517
197707 59844.398966
197708 59844.399416
197709 59844.399872
197710 59844.40032
201127 59851.388418
201128 59851.388868
201129 59851.389325
201130 59851.389774
201131 59851.390229
201132 59851.390677
201137 59851.392919
201138 59851.393366
201139 59851.393816
204756 59857.378942
204757 59857.37939
204758 59857.37991
204759 59857.380359
204760 59857.380808
204761 59857.381257
204763 59857.382172
204764 59857.382621
204765 59857.383077
204766 59857.383529
204767 59857.383986
204768 59857.384473
204769 59857.384924
204772 59857.38627
204776 59857.388064
204777 59857.388513
204778 59857.388961
204779 59857.389409
207360 59860.373737
207361 59860.374185
207363 59860.375082
207364 59860.37553
207365 59860.375978
207367 59860.376875
209090 59862.367212
209915 59863.366097
209938 59863.379181
209939 59863.380035
209949 59863.385167
209950 59863.385616
237856 59908.019985
237857 59908.020433
237886 59908.033468
237887 59908.033915
238575 59909.021561
238576 59909.022008
238582 59909.024695
238583 59909.025142
238584 59909.02559
238586 59909.026486
238587 59909.026934
238588 59909.027381
238589 59909.027827
238590 59909.028275
238596 59909.030962
238597 59909.031409
238598 59909.031855
238599 59909.032302
238613 59909.038773
238614 59909.03922
240794 59912.031229
240795 59912.031676
240796 59912.032122
240797 59912.032568
240798 59912.033015
240799 59912.033464
240800 59912.03391
240801 59912.034356
240802 59912.034802
240803 59912.035252
240804 59912.035698
240805 59912.036143
240806 59912.03659
240809 59912.037934
240810 59912.038379
240811 59912.038824
240812 59912.039273
240813 59912.039717
242969 59915.032079
242970 59915.032529
242971 59915.032978
242972 59915.033427
242973 59915.033874
242974 59915.03432
242975 59915.034766
242976 59915.035213
242979 59915.036554
242980 59915.037001
242981 59915.037447
242982 59915.037903
242983 59915.038359
242984 59915.038838
242985 59915.039284
242986 59915.03973
242987 59915.040176
242988 59915.040625
242989 59915.041071
242990 59915.041517
242991 59915.041965
242992 59915.042411
242993 59915.042885
242994 59915.04333
244388 59917.035617
244409 59917.045212
247254 59921.02652
247271 59921.034158
247275 59921.035988
247276 59921.036492
247277 59921.036941
247288 59921.042056
247301 59921.047985
254863 59933.034647
254864 59933.035096
254865 59933.03555
254866 59933.035998
254867 59933.036447
254868 59933.036902
254869 59933.037351
254870 59933.0378
254893 59933.048193
254894 59933.048642
254895 59933.049101
254896 59933.04955
254897 59933.049999
254898 59933.050454
254899 59933.050903
254900 59933.051361
256225 59935.03181
256226 59935.032259
256227 59935.032708
256228 59935.033157
256229 59935.033612
256230 59935.034061
256231 59935.03451
256232 59935.034959
256233 59935.035408
256263 59935.049122
256264 59935.049571
256265 59935.050019
256266 59935.050473
256267 59935.051025
256268 59935.051474
256269 59935.051923
256270 59935.052372
256272 59935.053308
256273 59935.053757
256924 59936.042012
256925 59936.042461
256926 59936.04291
256927 59936.043359
256928 59936.043808
256929 59936.044266
256931 59936.04518
256932 59936.045628
256933 59936.046077
256934 59936.046532
259019 59939.048375
263837 59947.041256
263838 59947.041756
263839 59947.042306
263840 59947.042764
264574 59948.056148
264575 59948.056701
271787 59958.042199
271788 59958.042671
271790 59958.043696
271791 59958.044175
271792 59958.044877
273224 59963.040145
273225 59963.040614
273226 59963.041064
273227 59963.041514
273231 59963.043353
273232 59963.043803
273233 59963.044253
273234 59963.044703
273235 59963.045322
275456 59966.037454
275459 59966.038868
275460 59966.039322
286214 59984.022612
286215 59984.023061
286220 59984.025321
286221 59984.025769
286222 59984.026218
286223 59984.026667
286224 59984.027116
286225 59984.027565
286226 59984.028083
286227 59984.028532
286228 59984.028981
286229 59984.02943
286230 59984.029881
286254 59984.040981
286255 59984.041429
286259 59984.043235
286260 59984.043684
286261 59984.044133
292655 59992.022919
292656 59992.023368
292657 59992.023817
292658 59992.024266
292659 59992.024721
292660 59992.02517
292661 59992.025626
292662 59992.026074
292663 59992.026523
292664 59992.026973
292665 59992.027421
292666 59992.027888
292668 59992.028842
293476 59993.017704
293519 59993.037258
295124 59995.017991
295126 59995.018888
295127 59995.019336
295128 59995.019784
295129 59995.020233
295130 59995.020681
295131 59995.021129
295132 59995.021585
295133 59995.02204
295135 59995.022945
295136 59995.023394
295137 59995.023843
295138 59995.024291
295139 59995.02474
295140 59995.025189
295141 59995.025638
295155 59995.031926
295156 59995.032382
295157 59995.03283
295158 59995.033279
295159 59995.033727
295160 59995.034176
295161 59995.034624
295162 59995.03508
295163 59995.035529
295934 59996.014998
295935 59996.01547
295936 59996.015919
295937 59996.016367
295938 59996.016816
295956 59996.024909
295957 59996.025367
295958 59996.025816
295959 59996.026274
295960 59996.026723
295962 59996.02767
295969 59996.030884
295970 59996.031333
295971 59996.031782
295972 59996.032231
303507 60005.014053
303508 60005.014501
303509 60005.015006
303510 60005.015454
303516 60005.018191
308729 60012.001813
308737 60012.005439
308751 60012.011733
308752 60012.01218
308758 60012.014867
308759 60012.015316
308760 60012.015765
308761 60012.016213
308762 60012.016662
308763 60012.017111
308771 60012.020784
314954 60018.997556
314970 60019.004751
314971 60019.005246
314972 60019.005695
314973 60019.006144
314974 60019.006593
314975 60019.007046
314976 60019.007495
314977 60019.007944
314978 60019.008399
314979 60019.008848
314980 60019.009294
314982 60019.010197
314983 60019.010646
314984 60019.011097
316732 60021.008047
316733 60021.00852
316734 60021.008969
316735 60021.009417
316736 60021.009866
316737 60021.010328
316738 60021.010832
316739 60021.01129
336412 60045.989945
339289 60051.969323
339291 60051.970219
339292 60051.970665
339294 60051.971559
339295 60051.972005
339316 60051.981453
339318 60051.982348
339319 60051.982793
339323 60051.984578
340253 60052.968166
389510 60131.42909
395388 60140.44205
395389 60140.442498
409121 60160.438427
409122 60160.438876
409123 60160.439325
411110 60162.42971
411115 60162.432406
426723 60185.407342
426724 60185.407791
426725 60185.408339
426726 60185.408789
426727 60185.409305
426728 60185.409761
426729 60185.410218
426730 60185.410686
426731 60185.411143
426732 60185.411613
426733 60185.412072
426734 60185.41252
426735 60185.412969
426736 60185.413425
426737 60185.413879
426738 60185.414328
426747 60185.418437
433375 60200.395608
433376 60200.396058
433377 60200.396508
433378 60200.396963
433379 60200.397435
433392 60200.403302
433393 60200.403752
433394 60200.404202
433396 60200.405198
436768 60206.394103
436769 60206.394551
436770 60206.395
436771 60206.395449
444162 60216.377579
444163 60216.378194
447918 60223.377956
447919 60223.378405
447920 60223.378855
447921 60223.379312
447922 60223.379808
447923 60223.380262
457174 60240.357578
457175 60240.358027
457176 60240.358476
457177 60240.358925
457178 60240.359393
457179 60240.359842
457180 60240.360291
457181 60240.360766
457182 60240.361214
457183 60240.361663
458767 60242.356757
458768 60242.357206
458769 60242.357654
458770 60242.358102
458796 60242.369883
458797 60242.370341
458798 60242.37079
458799 60242.371239
458800 60242.371687
460360 60244.359766
460361 60244.360215
460362 60244.360681
460363 60244.36113
460366 60244.362878
462826 60247.364758
467372 60262.029733
467373 60262.03018
473283 60271.014858
473284 60271.015305
473286 60271.016202
473287 60271.01665
473288 60271.017097
473324 60271.033639
473325 60271.034086
473326 60271.034537
473327 60271.034984
473328 60271.035433
474771 60273.016235
474772 60273.016682
474778 60273.01937
474779 60273.019818
474788 60273.023851
474805 60273.031529
474807 60273.032444
474808 60273.032891
474820 60273.038333
476265 60275.017597
476266 60275.018044
476267 60275.018493
476268 60275.018941
476270 60275.019848
476283 60275.025815
476284 60275.026279
476285 60275.026726
476286 60275.027183
476287 60275.02763
476288 60275.028078
476289 60275.028525
476291 60275.02942
476292 60275.029962
476293 60275.03041
476296 60275.031755
476297 60275.032205
476298 60275.032656
476299 60275.033102
476300 60275.033639
476315 60275.040682
476316 60275.041154
477747 60277.018939
477748 60277.019386
477749 60277.019833
477750 60277.020282
477751 60277.020739
477752 60277.021186
477753 60277.021632
477754 60277.022081
477755 60277.022527
477756 60277.022975
477757 60277.023448
477758 60277.023897
477759 60277.024379
477760 60277.024827
477771 60277.029878
477772 60277.030327
477773 60277.030833
477774 60277.03128
477777 60277.032764
477778 60277.033213
477779 60277.033659
477780 60277.034108
477781 60277.034554
477782 60277.035002
477783 60277.035449
477784 60277.035895
477785 60277.036358
477786 60277.03685
477787 60277.03732
477788 60277.037771
477789 60277.038258
477790 60277.038706
480623 60281.021543
480624 60281.021991
480625 60281.022437
480626 60281.022912
480627 60281.02336
480668 60281.042945
480669 60281.043391
480670 60281.043843
480671 60281.04433
480672 60281.044779
480673 60281.045235
484857 60290.028158
484858 60290.028604
484859 60290.029053
484860 60290.029501
484861 60290.02995
484862 60290.030399
484863 60290.030854
484864 60290.031303
484865 60290.031751
484866 60290.032204
484894 60290.045094
484898 60290.046967
484899 60290.047422
484900 60290.047871
484901 60290.04832
484902 60290.048768
484903 60290.049224
484904 60290.049672
484905 60290.050121
484906 60290.050584
485575 60291.029575
485576 60291.030023
485577 60291.030481
485578 60291.030927
485584 60291.033609
485585 60291.034055
485586 60291.034502
485587 60291.034951
485594 60291.038074
485595 60291.038523
485596 60291.038972
485597 60291.039421
485598 60291.039875
485599 60291.040324
485609 60291.044877
485610 60291.045326
485621 60291.05026
485622 60291.05073
485623 60291.051186
485624 60291.051657
485625 60291.052106
488426 60295.043272
488427 60295.043721
488428 60295.044169
488429 60295.044619
488430 60295.045068
488431 60295.045517
489847 60297.041439
489848 60297.041893
489849 60297.04235
489850 60297.042809
489851 60297.043271
496137 60308.051145
496145 60308.054819
496147 60308.055839
505931 60322.044529
505932 60322.044978
507390 60324.033452
507391 60324.033905
507392 60324.034354
507434 60324.053333
507435 60324.053832
507436 60324.054419
507437 60324.054869
507439 60324.05581
515558 60335.033332
516285 60336.030207
516286 60336.030664
516290 60336.032484
516293 60336.033845
516294 60336.034294
516295 60336.034743
516296 60336.035217
516300 60336.03705
516301 60336.037498
516302 60336.037947
516303 60336.038396
516331 60336.051778
516332 60336.052259
523069 60349.035337
523071 60349.036234
523072 60349.036682
523073 60349.03713
523889 60350.037338
523890 60350.037787
524648 60351.027303
524650 60351.028201
524651 60351.028649
524652 60351.029097
524654 60351.029993
524655 60351.030442
524656 60351.03089
524657 60351.031338
524658 60351.031792
524659 60351.032241
524678 60351.040903
524680 60351.0418
524681 60351.042248
524682 60351.042697
525457 60352.023496
525458 60352.023946
525459 60352.024396
525460 60352.024865
525489 60352.037888
525490 60352.038337
525491 60352.038794
525493 60352.039784
525494 60352.040232
525495 60352.040681
525496 60352.04113
538392 60369.011023
538393 60369.011479
538394 60369.011937
538395 60369.012386
538396 60369.012835
538397 60369.01329
538398 60369.013739
538399 60369.014188
538400 60369.014655
538401 60369.015102
539201 60370.008397
539202 60370.008858
539203 60370.009314
539237 60370.02486
539238 60370.025315
545712 60382.006326
545714 60382.007231
545716 60382.008138
545721 60382.010376
545722 60382.010825
549838 60388.997065
550739 60389.995895
550740 60389.996344
550741 60389.996793
550742 60389.997242
550745 60389.998596
550746 60389.999044
550747 60389.99949
550748 60389.999938
550749 60390.000387
550750 60390.000837
550751 60390.001285
550752 60390.001731
550753 60390.002186
550754 60390.002635
550755 60390.003089
550756 60390.003546
627028 60511.443442
627029 60511.443891
627030 60511.444339
627031 60511.444788
628006 60512.424623
628007 60512.425071
629032 60514.431188
629033 60514.431636
650916 60545.414986
650917 60545.415435
650927 60545.419953
650928 60545.420403
650929 60545.420859
650930 60545.421436
650939 60545.425504
650940 60545.425953
650941 60545.426403
650942 60545.426871
650943 60545.42732
652854 60547.409239
652879 60547.420464
652880 60547.420913
652881 60547.421379
652882 60547.421835
652883 60547.422287
654763 60549.412126
654764 60549.412578
654765 60549.413034
654766 60549.413511
654779 60549.419369
654780 60549.419819
661877 60559.409362
661878 60559.409846
661879 60559.410296
665849 60568.39486
688539 60598.368291
691065 60601.359364
691066 60601.359823
693542 60604.362778
693543 60604.363227
693544 60604.363676
693545 60604.364125
693546 60604.364574
693547 60604.365023
693548 60604.365472
693549 60604.365976
693550 60604.36653
693551 60604.366989
693552 60604.367437
693560 60604.371158
712073 60630.338966
712074 60630.339415
712117 60630.360257
715071 60635.020711
718725 60643.022557
718762 60643.039478
720202 60645.029098
720203 60645.029544
720204 60645.02999
720205 60645.030436
720206 60645.030882
720207 60645.03133
720208 60645.031777
720209 60645.032223
720210 60645.032669
720211 60645.033118
720212 60645.033569
721609 60647.02202
721639 60647.03558
723035 60649.023256
723045 60649.027714
723046 60649.02816
723047 60649.028605
723048 60649.029052
723049 60649.029505
723050 60649.029951
723051 60649.030396
723052 60649.030845
723053 60649.031291
723054 60649.031736
723055 60649.032184
723056 60649.032633
723057 60649.033088
723060 60649.034439
723084 60649.045576
723085 60649.046024
723086 60649.046473
723087 60649.046921
723088 60649.04737
724452 60651.028249
724453 60651.028694
724454 60651.029138
724455 60651.029586
724456 60651.030032
724457 60651.030504
724458 60651.030952
724459 60651.031401
724460 60651.031854
724461 60651.032303
724462 60651.032754
724463 60651.033202
724472 60651.037227
724473 60651.037675
724474 60651.038124
724475 60651.03866
724476 60651.039108
724493 60651.046838
724494 60651.047287
724495 60651.047734
724496 60651.048449
724497 60651.048898
725827 60653.025595
725828 60653.026041
725829 60653.026489
725830 60653.026936
725833 60653.028277
725834 60653.028723
725835 60653.029172
725836 60653.029618
725878 60653.049253
725879 60653.049702
725880 60653.050153
726554 60654.026148
726556 60654.027041
726562 60654.029899
726563 60654.030345
726566 60654.03171
726567 60654.032179
726568 60654.032627
726585 60654.041106
726586 60654.041552
726587 60654.042003
726589 60654.0429
726606 60654.050767
727277 60655.029062
727977 60656.027661
727982 60656.030879
728020 60656.050461
729365 60658.030925
729383 60658.039362
729384 60658.039818
729385 60658.040275
729386 60658.040767
729387 60658.041232
730797 60660.038439
730798 60660.038888
735400 60667.035978
735401 60667.036433
735402 60667.036882
735403 60667.03733
735404 60667.037807
735425 60667.04749
735426 60667.047968
735427 60667.048417
735428 60667.048866
735430 60667.04978
735431 60667.050291
735432 60667.05074
735433 60667.051199
735434 60667.051673
744463 60680.040492
744464 60680.040965
744465 60680.041423
744466 60680.041951
744467 60680.042434
751981 60691.056076
751982 60691.056596
769166 60714.026089
769167 60714.026544
769168 60714.026993
769169 60714.027449
769170 60714.02791
769171 60714.028367
769172 60714.028833
769173 60714.029281
769174 60714.029737
769982 60715.034456
769988 60715.037186
769989 60715.037634
775615 60722.035584
776405 60723.02302
776406 60723.02347
776435 60723.036639
776436 60723.037094
778016 60725.015218
778017 60725.015667
778018 60725.016116
778019 60725.016565
778020 60725.017014
778021 60725.017463
778022 60725.017912
778025 60725.019263
778026 60725.019712
778027 60725.020161
778028 60725.02061
778029 60725.021059
778030 60725.021507
778031 60725.021956
778033 60725.022861
778034 60725.023309
778035 60725.023767
778036 60725.024216
778037 60725.024664
778048 60725.029642
778049 60725.030099
778050 60725.030548
778051 60725.030997
778052 60725.031468
778053 60725.031917
778054 60725.032366
778055 60725.032815
778056 60725.033283
778057 60725.033732
778058 60725.034181
778059 60725.034651
778060 60725.035107
778061 60725.035556
778062 60725.036005
778844 60727.023974
778845 60727.024423
778846 60727.024871
778847 60727.02532
778848 60727.025769
778849 60727.026218
778850 60727.026667
779667 60728.024125
779668 60728.024574
779669 60728.025023
780448 60729.012117
780451 60729.013462
780452 60729.013909
780453 60729.014363
780454 60729.014811
780455 60729.015269
780456 60729.015717
780457 60729.016165
780479 60729.026337
780480 60729.026785
780481 60729.02724
780482 60729.027688
780483 60729.028146
780484 60729.028595
780485 60729.029042
780486 60729.029497
781306 60730.011773
781307 60730.012233
781308 60730.012682
781326 60730.021024
781327 60730.021505
781328 60730.021964
781329 60730.022413
781334 60730.02507
781335 60730.025534
781336 60730.025983
781337 60730.026441
782954 60732.024103
782955 60732.024552
782956 60732.025001
783739 60733.01024
783740 60733.010689
783741 60733.011136
783743 60733.012033
783744 60733.012481
783745 60733.01293
783746 60733.013378
783772 60733.025125
783773 60733.025574
783774 60733.026022
783776 60733.026918
783777 60733.027365
783778 60733.027814
784608 60734.026482
784609 60734.026931
784610 60734.027386
784611 60734.027835
784612 60734.028284
796355 60753.004757
796356 60753.005206
796357 60753.005655
796358 60753.006102
796359 60753.006551
796360 60753.006997
796361 60753.007444
796362 60753.007892
796363 60753.008339
796364 60753.008785
796365 60753.00923
796366 60753.009733
796367 60753.010186
796368 60753.010635
796369 60753.011084
798152 60754.995977
798153 60754.996432
798154 60754.996889
798155 60754.997344
798156 60754.997869
798157 60754.998318
798158 60754.998767
798159 60754.999223
798160 60754.999681
806351 60763.987802
806359 60763.991376
806360 60763.991826
806361 60763.992275
817531 60777.971691
817532 60777.972137
817533 60777.972582
817536 60777.973923
817537 60777.974369
817563 60777.986071
817565 60777.98699
817566 60777.987435
817567 60777.98788
817569 60777.988776
819427 60779.973415
819428 60779.973861
819429 60779.974307
819430 60779.974756
819431 60779.975202
823999 60784.976596
895869 60889.437558
895872 60889.438917
895873 60889.439366
895874 60889.439834
900800 60895.421781
902835 60897.420933
902840 60897.424324
902841 60897.424773
902842 60897.425221
902843 60897.42567
902844 60897.426129
902845 60897.426595
902846 60897.427072
902847 60897.427521
902848 60897.427969
902849 60897.428418
902850 60897.428867
902851 60897.429582
902852 60897.430031
902853 60897.43048
902854 60897.43095
902855 60897.431408
902856 60897.432419
902857 60897.432867
902858 60897.433582
902859 60897.434039
902860 60897.434568
968196 61005.022643
968197 61005.02309
968226 61005.036136
968938 61006.017942
968939 61006.018389
968948 61006.022419
968949 61006.022866
968950 61006.023313
968951 61006.02376
968952 61006.024207
968953 61006.024655
968978 61006.036063
968979 61006.03651
968988 61006.040639
968989 61006.041088
968990 61006.041535
969650 61007.018613
969651 61007.01906
969652 61007.019507
969653 61007.019954
969659 61007.022641
969660 61007.023087
969661 61007.023534
969662 61007.02398
969663 61007.024429
969664 61007.024875
969685 61007.03429
969686 61007.034743
969687 61007.035192
969688 61007.035638
969689 61007.036084
969690 61007.036536
969691 61007.036982
969692 61007.03743
969693 61007.037879
969694 61007.038325
970353 61009.025278
970354 61009.025725
970355 61009.026171
970361 61009.028892
970362 61009.029341
971045 61010.021482
971046 61010.021929
971047 61010.022376
971050 61010.023727
971051 61010.024174
971052 61010.02462
971053 61010.025067
971055 61010.025965
971056 61010.026411
971057 61010.026858
971058 61010.027304
971059 61010.027753
971060 61010.028199
971061 61010.028646
971062 61010.029095
971063 61010.029541
971064 61010.02999
971065 61010.030435
971066 61010.030884
971067 61010.031329
971083 61010.038722
971084 61010.039168
971085 61010.039617
971086 61010.040065
971087 61010.040512
971090 61010.041977
971093 61010.043349
971094 61010.043797
971095 61010.044245
971096 61010.044691
996905 61050.053759
996906 61050.054217
996907 61050.054689
996909 61050.055596
1000025 61058.036274
1000026 61058.036724
1000027 61058.037174
1000028 61058.037631
1000031 61058.038994
1000032 61058.039451
1000033 61058.039972
1000034 61058.040429
1000049 61058.047229
1000050 61058.047677
1000051 61058.04823
1000063 61058.053855
1000064 61058.054305
1000065 61058.054773
1000066 61058.055317
1000067 61058.056022
1000699 61059.032409
1000706 61059.035561
1000707 61059.036011
1000708 61059.036493
1000719 61059.041488
1000720 61059.041938
1000721 61059.042389
1000722 61059.042846
1000723 61059.043314
1000724 61059.043765
1000741 61059.05175
1000742 61059.0522
1000744 61059.053116
1002912 61062.031479
1002913 61062.031929
1002914 61062.032379
1002949 61062.048235
1002950 61062.048685
1002951 61062.049136
1003658 61063.031577
1003659 61063.032029
1003698 61063.049576
1003699 61063.050025
1003700 61063.050474
1006659 61067.029998
1006660 61067.030482
1006661 61067.03093
1006662 61067.031379
1006674 61067.036761
1006675 61067.03721
1006676 61067.037668
1006677 61067.038133
1006678 61067.038599
1006679 61067.039047
1006698 61067.048105
1006699 61067.048554
1006700 61067.049003
1006701 61067.049452
1006705 61067.051365
1006706 61067.051814
1006707 61067.052272
1008189 61069.046433
1008190 61069.046891
1008191 61069.047481
1013463 61076.024897
1013464 61076.025347
1013465 61076.025807
1013486 61076.035424
1013487 61076.03588
1013488 61076.036329
1013489 61076.036777
1013490 61076.037231
1013491 61076.037687
1013492 61076.038152
1013493 61076.038685
1013494 61076.039146
1013495 61076.039595
1014252 61077.024302
1014253 61077.024769
1014254 61077.025218
1014255 61077.025667
1014256 61077.026115
1014257 61077.02658
1014258 61077.027029
1014259 61077.027478
1014260 61077.02795
1014261 61077.028439
1014283 61077.038371
1014284 61077.03882
1014285 61077.039269
1014286 61077.039717
1014287 61077.040183
1014288 61077.040632
1014289 61077.041081
1014290 61077.04153
1014291 61077.041979
1014292 61077.042453
1016621 61080.022433
1016664 61080.042107
1017406 61081.021782
1017407 61081.022232
1017408 61081.022687
1017409 61081.023135
1017410 61081.023584
1017411 61081.024032
1017412 61081.024481
1017414 61081.025403
1017415 61081.02586
1017416 61081.026334
1018215 61082.021119
1018261 61082.042214
1020562 61085.019506
1020563 61085.019954
1020564 61085.020403
1020565 61085.020852
1020566 61085.021311
1020567 61085.021759
1020591 61085.032515
1020592 61085.032963
1020593 61085.033414
1020594 61085.033863
1020595 61085.034319
1020596 61085.034856
1020597 61085.035305
1020598 61085.035754
1020599 61085.036203
1020600 61085.036661
1028570 61095.012895
1028571 61095.013353
1028577 61095.016135
1028578 61095.016606
1028579 61095.017109
1028580 61095.017576
1028609 61095.031274
1028610 61095.031733
1036411 61105.011741
1036412 61105.012189
1040731 61110.003438
1040732 61110.003887
1040735 61110.005234
1040762 61110.017407
1040763 61110.017856
1041577 61110.998092
1041591 61111.004462
1041592 61111.004911
1041593 61111.00536
1041594 61111.005809
1041595 61111.006258
1041596 61111.006707
1041597 61111.007155
1041598 61111.007604
1041603 61111.009834
1041604 61111.010282
1041605 61111.010731
1041606 61111.01118
1042414 61111.997226
1042415 61111.997675
1042422 61112.000819
1042423 61112.001268
1042424 61112.001717
1042442 61112.009857
1042443 61112.010306
1042444 61112.010761
1042445 61112.01121
1042452 61112.014341
1042453 61112.014812
1042454 61112.015261
1043231 61112.999482
1043232 61112.999931
1043233 61113.00038
1043234 61113.000829
1043235 61113.001278
1043236 61113.001727
1043237 61113.002176
1043238 61113.002625
1043246 61113.006266
1043247 61113.006715
1043248 61113.007164
1043249 61113.007613
1043250 61113.008062
1043251 61113.008511
1043252 61113.008958
1043253 61113.009404
1043254 61113.009913
1043255 61113.010359
1043257 61113.011279
1043258 61113.011727
1043260 61113.012638
1043261 61113.013084
1043262 61113.01353
1043265 61113.014956
1043266 61113.015405
1043267 61113.015854
1044103 61114.000466
1044104 61114.000921
1044107 61114.002292
1044108 61114.002741
1044109 61114.00319
1044110 61114.003638
1044111 61114.004087
1044112 61114.004536
1044116 61114.006358
1044117 61114.006807
1044118 61114.007326
1044119 61114.007774
1044120 61114.008219
1044121 61114.008667
1044122 61114.009114
1044123 61114.009563
1044124 61114.010011
1044125 61114.01046
1044126 61114.010909
1044127 61114.011358
1044129 61114.012262
1045805 61116.001376
1045806 61116.001822
1045807 61116.002269
1045808 61116.002718
1045809 61116.003166
1045812 61116.004508
1045813 61116.004957
1046587 61117.001857
1046588 61117.002305
1047455 61118.00511
1047456 61118.005559
1047457 61118.006009
1047458 61118.006457
1047461 61118.007804
1047462 61118.00825
1047463 61118.008696
1047464 61118.009142
1047465 61118.009587
1047466 61118.010039
1047467 61118.010485
1047468 61118.010933
1047469 61118.011379
1049261 61119.992075
1049262 61119.992524
1049266 61119.994308
1049267 61119.994754
1049268 61119.995202
1049269 61119.995649
1049270 61119.996097
1049271 61119.996544
1049272 61119.996993
1049273 61119.997442
1049274 61119.997891
1049275 61119.99834
1049276 61119.998789
1061030 61133.979814
1061031 61133.980264
1061032 61133.980713
1061033 61133.981162
1061034 61133.981609
1061035 61133.982057
1061036 61133.982504
1061037 61133.982951
1061038 61133.9834
1061039 61133.983845
1061040 61133.984291
1061044 61133.986076
1061045 61133.986522
1061046 61133.986968
1061047 61133.987417
1061048 61133.987866
1061049 61133.98832
1061057 61133.991946
1061061 61133.993786
1061062 61133.994233
1061063 61133.994678
1061064 61133.995125
1061065 61133.99557
1061066 61133.996024
1061067 61133.996499
1061068 61133.996944
1061069 61133.997392
1061999 61134.989779
1062000 61134.990228
1062001 61134.990675
1062002 61134.991123
1062003 61134.991569
1062004 61134.992022
1062005 61134.992467
1062006 61134.992915
1062007 61134.993374
1062008 61134.99382
1062010 61134.994717
1066688 61139.974602
1066689 61139.975051
1066698 61139.979075
1066720 61139.989
1066721 61139.989449
1066722 61139.989897
1066723 61139.990397
1139329 61252.432184
1139334 61252.434466
1139335 61252.434914
1139336 61252.435363
1139337 61252.435818
1139338 61252.436267
1164131 61281.408755
1164132 61281.409204
1164133 61281.409654
1164135 61281.410593
1164136 61281.411049
1164137 61281.411507
1164150 61281.417502
1172963 61304.388057
1172964 61304.388506
1172965 61304.388955
1172966 61304.389403
1172983 61304.397074
1172984 61304.397523
1172985 61304.397971
1172986 61304.39842
1172987 61304.398879
1172988 61304.399345
1172989 61304.399794
1172992 61304.401256
1172993 61304.401705
1172994 61304.402154
1172995 61304.402603
1178329 61310.381027
1178330 61310.381475
1178331 61310.381924
1178332 61310.382382
1178333 61310.382831
1178334 61310.38328
1180105 61312.39333
1180106 61312.39378
1180107 61312.39423
1186081 61319.376993
1186082 61319.37745
1186083 61319.377916
1186084 61319.378364
1186085 61319.378813
1186086 61319.379261
1186091 61319.381507
1186092 61319.381955
1186093 61319.382404
1186094 61319.382852
1186095 61319.383302
1186096 61319.383753
1186099 61319.3851
1186100 61319.385548
1186101 61319.385996
1194142 61329.372301
1194143 61329.372749
1194144 61329.373198
1194145 61329.373647
1194149 61329.375455
1194151 61329.376361
1194153 61329.377265
1194154 61329.377714
1194155 61329.378162
1194156 61329.378611
1194157 61329.37906
1194158 61329.379509
1196509 61332.363441
1196516 61332.366643
1196517 61332.367091
1196518 61332.36754
1196519 61332.367998
1196520 61332.368446
1196521 61332.368905
1196522 61332.369376
1196526 61332.371184
1196527 61332.371635
1196530 61332.372998
1196531 61332.373456
1196532 61332.373905
1196533 61332.374354
1196534 61332.374812
1196535 61332.375301
1196542 61332.378536
1207309 61357.354685
1207310 61357.355134
1210147 61361.35247
1210148 61361.352922
1210176 61362.016481
1210177 61362.016928
1210178 61362.017374
1210846 61362.343583
1210847 61362.344032
1210848 61362.344485
1210849 61362.344934
1210852 61362.346286
1210877 61362.357682
1210878 61362.358133
1210879 61362.358582
1210882 61362.359933
1211560 61363.348364
1213024 61366.024208
1213025 61366.024655
1213026 61366.025105
1213027 61366.025553
1213029 61366.026449
1213030 61366.026896
1213031 61366.027345
1213032 61366.027792
1213033 61366.028239
1213721 61367.016835
1213728 61367.020009
1213729 61367.020457
1213731 61367.021361
1213751 61367.030478
1213758 61367.033662
1213759 61367.034109
1213761 61367.035012
1218061 61373.021803
1218062 61373.02225
1218063 61373.022698
1218092 61373.035795
1218093 61373.036242
1218094 61373.03669
1221610 61379.022956
1221611 61379.023403
1221612 61379.02385
1221613 61379.024296
1221614 61379.024745
1221615 61379.025193
1221616 61379.025639
1221617 61379.026086
1221624 61379.029217
1221625 61379.029665
1221661 61379.046142
1221662 61379.04659
1221663 61379.047039
1223067 61381.024161
1223068 61381.024607
1223069 61381.025052
1223070 61381.025497
1223071 61381.025945
1223072 61381.026394
1223073 61381.026843
1223074 61381.027295
1223075 61381.027744
1223076 61381.028192
1223077 61381.028638
1223078 61381.029084
1223079 61381.02953
1223082 61381.030871
1223083 61381.031318
1223084 61381.031764
1223085 61381.032212
1223086 61381.032667
1223087 61381.033116
1223100 61381.038997
1223107 61381.042291
1223108 61381.042736
1223109 61381.043184
1223110 61381.043633
1223111 61381.044085
1223112 61381.044534
1223113 61381.04499
1223114 61381.045439
1223115 61381.045888
1223116 61381.046353
1223117 61381.046812
1223118 61381.047265
1223119 61381.047714
1223120 61381.048162
1223121 61381.048608
1225206 61384.03888
1225207 61384.039329
1225871 61385.033169
1225872 61385.033617
1225904 61385.048093
1225905 61385.048542
1226521 61386.035037
1226522 61386.035486
1226530 61386.039063
1226531 61386.03951
1226532 61386.039959
1226533 61386.040408
1226534 61386.040856
1226535 61386.041312
1227185 61387.027917
1227186 61387.028364
1227200 61387.034613
1227201 61387.035061
1227202 61387.03551
1227203 61387.03596
1227204 61387.036408
1227205 61387.036853
1227213 61387.040429
1227215 61387.041373
1227223 61387.044956
1227224 61387.045408
1227225 61387.045857
1227226 61387.046311
1227227 61387.04676
1227228 61387.047209
1227234 61387.049911
1227235 61387.050359
1227887 61388.031989
1227888 61388.032437
1227889 61388.032887
1227890 61388.033336
1227891 61388.033785
1227892 61388.034234
1227893 61388.034689
1227894 61388.035138
1227895 61388.035588
1227918 61388.045988
1227919 61388.04644
1227920 61388.046889
1227921 61388.047338
1227922 61388.047787
1227923 61388.048236
1227924 61388.048691
1227925 61388.04914
1227926 61388.049589
1232329 61395.038616
1232362 61395.053749
1233014 61396.03815
1249249 61427.03654
1249250 61427.036989
1250688 61429.038464
1250716 61429.052658
1270529 61456.02786
1270542 61456.033886
1274638 61461.016721
1274639 61461.01717
1274640 61461.017619
1274641 61461.018077
1274642 61461.018536
1282822 61471.0026
1282823 61471.003048
1282852 61471.015998
1282855 61471.017367
1282856 61471.017816
1282857 61471.018265
1282858 61471.018714
1282859 61471.019163
1282860 61471.019612
1283704 61472.001745
1283705 61472.002194
1283706 61472.002643
1283714 61472.006224
1283715 61472.006672
1283716 61472.007121
1283717 61472.00757
1283718 61472.008019
1283719 61472.008468
1283720 61472.008917
1283721 61472.009365
1283729 61472.012965
1283730 61472.013414
1283731 61472.013862
1283732 61472.014311
1283733 61472.01476
1283741 61472.01838
1283742 61472.018828
1283743 61472.019277
1283744 61472.019729
1283745 61472.020178
1283747 61472.02109
1283748 61472.021539
1285446 61474.011232
1285447 61474.011681
1286286 61475.009487
1286287 61475.009936
1287961 61476.99833
1287969 61477.001912
1287970 61477.002361
1287971 61477.00281
1287972 61477.003259
1287973 61477.003708
1287974 61477.004157
1287988 61477.01053
1287989 61477.010979
1287990 61477.011428
1287991 61477.011877
1287992 61477.012326
1287993 61477.01279
1287999 61477.015467
1288000 61477.015916
1288001 61477.016364
1288002 61477.016813
1293763 61485.989632
1293764 61485.990081
1293765 61485.99053
1293766 61485.990979
1293767 61485.991428
1293768 61485.991877
1293769 61485.992326
1293770 61485.992784
1293795 61486.004051
1293796 61486.004499
1293797 61486.004948
1293798 61486.005394
1293799 61486.005843
1293800 61486.006318
1293801 61486.006763
1293802 61486.007244
1293803 61486.007693
1293804 61486.008142
1295490 61487.987909
1312870 61512.971089
1312878 61512.974676
1312879 61512.975151
1313839 61513.980468
1313840 61513.980913
1313841 61513.981387
1315790 61516.976897
1368766 61584.443864
1368767 61584.444313
1368768 61584.44476
1384186 61607.429875
1403038 61630.418715
1403039 61630.419167
1405200 61648.414437
1407987 61651.40731
1407988 61651.40776
1407989 61651.408218
1408929 61652.40744
1408930 61652.407891
1408931 61652.408349
1412608 61656.401152
1412609 61656.401602
1412610 61656.402052
1412611 61656.402516
1412612 61656.402985
1412624 61656.408423
1412625 61656.408873
1412639 61656.415271
1413140 61671.386424
1413141 61671.386877
1413142 61671.387325
1413143 61671.387774
1413146 61671.389151
1413147 61671.3896
1413148 61671.390048
1413149 61671.390505
1413150 61671.390956
1413151 61671.391413
1413152 61671.391891
1413153 61671.392439
1413154 61671.392895
1413155 61671.393365
1413156 61671.393815
1413157 61671.394272
1413158 61671.394721
1413169 61671.39968
1413170 61671.400196
1413171 61671.400652
1413172 61671.401101
1413173 61671.401549
1416234 61677.390724
1416235 61677.391182
1416236 61677.391631
1416237 61677.39208
1416238 61677.392529
1416239 61677.392978
1416240 61677.393426
1430263 61694.361839
1430300 61694.381748
1439479 61708.35396
1439480 61708.354409
1439481 61708.354863
1439500 61708.363358
1439501 61708.363804
1439502 61708.364253
1439503 61708.364701
1439504 61708.365148
1439509 61708.367388
1439510 61708.367953
1439511 61708.368402
1439512 61708.368866
1445190 61723.349918
1447424 61726.348969
1447425 61726.349421
1447429 61726.351232
1447430 61726.351684
1447431 61726.352133
1447432 61726.352585
1447433 61726.353034
1451054 61733.020504
1451055 61733.020952
1451056 61733.021398
1451057 61733.021845
1451062 61733.024084
1451063 61733.024531
1451064 61733.024978
1451065 61733.025425
1451066 61733.025874
1451067 61733.026321
1451068 61733.026769
1451069 61733.027216
1451085 61733.034472
1451086 61733.034921
1451087 61733.035368
1451091 61733.037184
1451092 61733.037633
1451093 61733.038082
1451094 61733.038529
1451095 61733.038975
1454671 61738.03599
1454672 61738.036438
1456698 61740.350814
1456699 61740.351259
1456700 61740.351704
1456701 61740.352151
1456702 61740.352596
1457378 61741.354523
1457379 61741.354969
1457380 61741.355414
1458081 61743.028913
1458082 61743.02936
1458104 61743.039494
1458105 61743.03995
1458106 61743.04046
1458110 61743.04226
1458724 61743.345627
1458725 61743.346073
1458726 61743.346575
1459460 61745.031142
1459461 61745.031589
1459462 61745.032038
1460150 61746.029951
1460151 61746.030398
1460152 61746.030846
1460153 61746.031293
1460187 61746.047016
1460188 61746.047464
1460189 61746.047913
1460190 61746.048363
1460828 61747.032631
1460829 61747.033077
1460830 61747.033522
1460833 61747.034861
1460834 61747.035306
1460835 61747.035753
1460836 61747.036201
1460837 61747.036651
1460858 61747.046204
1460859 61747.046654
1460860 61747.047101
1460862 61747.047996
1460863 61747.048442
1460864 61747.048919
1462876 61750.0295
1462877 61750.029946
1462878 61750.030391
1462879 61750.030838
1462880 61750.031287
1462881 61750.031736
1462882 61750.032188
1462883 61750.032637
1462884 61750.033085
1462885 61750.033541
1462886 61750.033996
1462887 61750.034451
1462888 61750.034898
1462901 61750.04075
1462902 61750.041271
1462903 61750.041718
1462904 61750.042164
1462919 61750.049023
1462920 61750.049474
1462921 61750.049923
1462922 61750.050372
1462923 61750.050821
1465045 61753.049268
1465046 61753.049717
1465047 61753.050171
1465048 61753.050621
1466379 61755.045249
1466380 61755.045698
1466381 61755.046156
1466382 61755.04662
1466383 61755.047129
1466384 61755.047584
1466387 61755.048948
1466388 61755.049483
1466389 61755.049941
1466391 61755.050848
1477411 61773.03985
1477414 61773.041242
1477415 61773.041811
1477416 61773.04226
1477417 61773.042718
1477418 61773.043167
1477441 61773.053691
1477444 61773.055242
1477445 61773.055691
1477446 61773.05615
1488004 61788.052312
1488005 61788.052762
1488006 61788.053212
1488007 61788.053719
1492935 61795.031902
1492936 61795.032368
1492937 61795.032845
1492938 61795.033294
1492939 61795.033743
1492969 61795.047203
1492970 61795.047652
1492971 61795.048101
1492972 61795.04855
1492973 61795.049015
1494420 61798.031999
1494421 61798.032456
1494422 61798.032925
1494423 61798.03346
1494424 61798.033916
1494425 61798.034366
1494460 61798.050412
1494461 61798.05086
1494462 61798.051337
1494463 61798.051786
1499547 61805.037896
1499548 61805.038393
1499549 61805.038842
1499550 61805.039291
1499551 61805.039818
1499552 61805.040303
1499553 61805.04082
1499554 61805.041313
1499556 61805.042214
1502521 61810.040893
1502522 61810.041341
1502523 61810.041808
1520216 61832.010214
1520217 61832.010663
1520218 61832.01111
1520219 61832.011559
1520220 61832.012006
1520224 61832.0138
1520225 61832.014256
1520226 61832.014715
1520227 61832.015164
1520228 61832.015622
1520229 61832.01608
1520230 61832.016534
1520237 61832.019733
1521032 61833.007615
1521033 61833.008063
1521034 61833.008512
1521035 61833.008971
1521036 61833.009433
1521037 61833.009891
1521059 61833.019976
1521060 61833.020432
1521061 61833.02089
1521062 61833.021339
1521063 61833.021788
1524314 61837.010968
1524315 61837.01142
1524316 61837.011878
1524317 61837.012327
1524318 61837.012776
1524319 61837.013232
1524320 61837.013699
1524322 61837.014638
1524323 61837.015087
1524324 61837.015536
1524325 61837.016053
1527790 61841.011937
1527791 61841.012383
1527792 61841.012831
1527793 61841.013281
1527794 61841.01373
1527795 61841.014181
1527796 61841.014629
1527797 61841.015078
1532895 61847.996026
1532896 61847.996475
1532897 61847.996924
1532898 61847.997373
1532899 61847.997822
1532900 61847.998271
1532901 61847.99872
1532902 61847.999169
1532905 61848.000522
1533793 61848.994707
1533794 61848.995159
1533795 61848.995608
1533796 61848.996057
1533797 61848.996505
1533800 61848.997847
1533801 61848.998293
1533802 61848.998739
1533803 61848.999188
1533804 61848.999637
1533805 61849.000086
1533806 61849.000535
1533807 61849.000992
1533808 61849.001441
1533809 61849.001894
1533810 61849.002349
1533811 61849.002827
1537319 61852.989458
1537320 61852.989907
1539104 61854.987743
1539105 61854.988191
1539106 61854.98864
1539107 61854.989087
1540029 61855.988243
1540030 61855.988692
1540039 61855.992715
1540040 61855.99316
1540041 61855.993608
1540042 61855.994057
1540043 61855.994503
1540044 61855.994947
1540045 61855.995412
1540046 61855.995861
1540047 61855.99631
1540048 61855.996759
1540064 61856.004264
1550836 61871.977041
1550837 61871.977488
1550838 61871.977934
1550839 61871.978383
1550840 61871.978829
1550849 61871.982861
1550850 61871.983306
1550851 61871.983751
1550852 61871.984225
1550853 61871.98467
1550854 61871.985116
1552495 61873.980451
1552496 61873.980897
1552497 61873.981345
1552498 61873.98179
1552499 61873.982239
1552500 61873.982684
1552501 61873.983129
1552503 61873.984025
1556764 61878.975805
1619028 61992.416862
1619029 61992.417311
1619030 61992.417759
1619031 61992.418208
1619032 61992.418668
1619033 61992.419117
1619034 61992.419565
1619053 61992.428731
1619054 61992.42919
1619055 61992.429763
1619056 61992.430235
1619057 61992.430722
1619058 61992.431171
1619059 61992.431625
1619060 61992.432081
1619061 61992.432531
1619062 61992.432979
1619063 61992.433505
1619065 61992.43445
1630880 62012.417827
1633184 62016.40131
1633185 62016.401777
1633186 62016.402291
1633187 62016.403217
1633188 62016.403921
1633189 62016.404581
1633203 62016.411348
1633205 62016.412254
1633206 62016.413094
1633207 62016.413844
1633213 62016.417149
1636460 62022.396666
1636461 62022.397115
1636477 62022.404379
1636479 62022.4053
1636480 62022.405751
1636481 62022.406201
1636482 62022.406726
1636483 62022.407176
1636484 62022.407649
1636486 62022.408575
1636488 62022.409491
1641527 62031.39026
1641528 62031.390709
1641529 62031.391158
1641530 62031.39161
1641531 62031.392076
1641541 62031.396565
1641542 62031.397021
1641543 62031.397501
1641557 62031.403942
1641558 62031.404391
1641559 62031.40484
1641560 62031.405289
1641561 62031.405754
1646781 62037.391284
1646783 62037.392189
1646784 62037.392637
1646785 62037.393094
1646786 62037.393547
1646787 62037.393995
1646788 62037.394444
1649060 62040.383697
1649066 62040.386412
1651932 62044.376305
1651933 62044.376764
1651934 62044.377214
1651938 62044.379039
1651939 62044.379489
1651940 62044.379949
1651941 62044.3805
1651942 62044.380957
1651943 62044.381442
1651944 62044.381928
1651945 62044.382383
1651946 62044.382915
1651947 62044.383364
1651948 62044.383813
1656316 62049.371135
1656317 62049.371584
1656318 62049.372033
1656338 62049.381112
1656339 62049.381561
1656340 62049.38201
1656341 62049.382459
1656347 62049.38526
1656348 62049.385709
1656349 62049.386157
1656350 62049.386616
1656351 62049.387065
1656352 62049.387514
1656353 62049.387963
1656355 62049.388884
1656356 62049.389332
1656357 62049.389788
1656358 62049.390237
1656359 62049.390694
1657191 62050.381277
1657194 62050.382762
1657195 62050.383212
1657196 62050.383668
1664510 62059.372205
1664511 62059.372654
1664512 62059.373103
1664513 62059.373552
1664514 62059.374001
1664517 62059.375444
1664518 62059.375893
1664524 62059.378652
1664525 62059.3791
1664526 62059.379549
1664527 62059.379997
1664528 62059.380446
1664529 62059.380895
1666612 62064.37519
1669491 62068.358501
1669493 62068.359406
1669494 62068.359854
1669495 62068.36031
1669496 62068.360815
1669521 62068.372344
1669523 62068.373249
1669524 62068.373697
1669525 62068.374153
1669526 62068.374654
1683581 62091.350364
1685316 62095.019128
1686029 62096.014011
1686030 62096.014459
1686045 62096.021181
1686071 62096.033055
1686072 62096.033502
1686074 62096.034398
1686076 62096.035294
1687506 62098.024324
1687507 62098.024771
1687508 62098.025218
1687509 62098.025666
1687512 62098.027022
1687513 62098.02747
1687514 62098.027916
1687515 62098.028365
1687516 62098.028812
1687517 62098.029259
1687518 62098.029707
1687519 62098.030154
1687520 62098.030602
1689546 62101.034143
1689549 62101.035494
1689550 62101.035941
1689551 62101.036387
1689552 62101.036834
1689553 62101.03728
1689554 62101.037726
1690571 62103.01879
1690572 62103.019238
1690573 62103.019685
1690574 62103.020133
1690575 62103.02058
1690576 62103.021027
1690594 62103.029108
1690595 62103.029555
1690596 62103.030002
1690597 62103.03045
1690598 62103.030896
1690599 62103.031345
1690600 62103.031791
1690601 62103.032285
1690602 62103.032732
1690603 62103.033179
1690604 62103.033627
1690605 62103.034074
1690606 62103.034521
1690624 62103.042658
1694972 62110.041481
1694973 62110.041932
1696325 62112.034345
1696326 62112.034793
1697014 62113.025485
1697015 62113.025931
1697016 62113.026382
1697017 62113.026827
1697018 62113.027276
1697019 62113.027734
1697021 62113.028675
1697022 62113.029133000004
1697049 62113.041578
1697051 62113.042484
1697052 62113.042984
1697053 62113.043433
1697054 62113.043882
1697055 62113.044336
1697056 62113.044782
1697058 62113.045992
1699081 62116.027142
1699122 62116.045649
1699742 62117.029112
1699743 62117.029569
1699744 62117.030015
1699746 62117.03091
1699747 62117.031357
1699748 62117.031806
1699776 62117.044581
1699777 62117.045044
1699778 62117.045495
1699780 62117.046392
1699781 62117.046843
1699782 62117.047303
1699788 62117.050451
1701812 62120.030938
1701813 62120.031384
1701814 62120.031833
1701815 62120.032282
1701816 62120.032736
1701817 62120.033185
1701818 62120.033635
1701819 62120.034083
1701820 62120.034532
1701821 62120.03498
1701822 62120.035436
1701842 62120.044465
1701843 62120.044923
1701844 62120.045371
1701850 62120.048227
1701851 62120.048675
1701852 62120.049144
1701853 62120.049592
1701854 62120.050041
1701855 62120.05049
1701856 62120.050945
1701861 62120.053293
1704582 62124.04314
1704583 62124.043588
1704584 62124.044037
1704585 62124.044486
1704586 62124.044943
1704587 62124.045398
1711169 62134.049949
1711170 62134.050405
1711171 62134.051118
1711172 62134.051569
1711173 62134.052025
1711174 62134.052475
1711175 62134.052923
1720879 62148.042395
1720880 62148.042844
1720881 62148.043303
1720890 62148.047463
1720891 62148.047981
1722302 62150.048287
1722303 62150.048743
1722989 62151.045408
1722990 62151.045879
1722991 62151.04633
1723746 62152.050557
1723747 62152.051007
1723748 62152.051457
1723749 62152.051907
1723750 62152.05238
1724427 62153.043842
1724429 62153.044836
1726594 62156.038987
1726595 62156.039437
1726596 62156.03992
1726597 62156.04037
1726598 62156.04082
1726599 62156.041287
1726600 62156.041864
1727277 62157.036092
1727278 62157.036542
1727283 62157.039338
1727284 62157.03991
1727285 62157.040666
1727286 62157.041188
1727299 62157.049033
1727300 62157.049482
1729435 62160.04661
1729436 62160.047059
1729437 62160.047507
1740054 62174.026215
1740055 62174.026664
1740056 62174.027112
1740063 62174.030252
1740064 62174.0307
1740065 62174.031148
1740066 62174.031601
1740067 62174.032058
1740068 62174.032521
1740069 62174.032969
1740070 62174.033418
1740071 62174.033867
1740072 62174.034315
1740091 62174.042988
1740092 62174.043436
1743121 62178.026773
1743122 62178.027221
1743123 62178.02767
1743124 62178.028119
1743125 62178.028567
1743126 62178.029024
1743127 62178.029472
1743128 62178.02992
1743129 62178.030378
1743130 62178.030826
1743131 62178.031274
1743132 62178.031725
1743133 62178.032172
1743134 62178.03262
1743136 62178.033518
1743151 62178.04037
1743152 62178.040819
1743153 62178.041267
1743154 62178.041716
1743155 62178.042165
1744706 62180.029427
1744707 62180.029876
1744708 62180.030325
1744709 62180.030774
1744710 62180.031223
1744711 62180.031672
1744712 62180.032121
1744715 62180.033496
1744716 62180.033952
1744717 62180.034402
1744720 62180.035802
1744721 62180.036259
1744722 62180.036708
1744723 62180.037156
1745487 62181.030051
1745488 62181.030499
1745489 62181.030948
1745490 62181.031395
1745491 62181.031847
1745498 62181.034996
1745499 62181.035447
1750230 62187.023165
1750232 62187.02407
1750233 62187.024519
1750234 62187.024968
1750235 62187.025417
1750236 62187.025875
1750237 62187.026344
1750238 62187.026792
1750239 62187.027251
1750241 62187.028198
1750242 62187.028714
1750243 62187.029172
1750244 62187.029625
1753435 62191.013113
1753456 62191.022934
1753459 62191.024468
1753462 62191.025837
1753466 62191.027903
1758494 62197.011324
1758495 62197.011773
1758496 62197.012244
1758497 62197.012694
1758499 62197.013591
1758500 62197.014039
1762469 62202.004397
1762470 62202.004845
1762471 62202.005294
1762472 62202.005743
1762473 62202.006192
1762474 62202.006641
1762475 62202.00709
1762502 62202.020169
1762503 62202.020618
1762504 62202.021067
1762505 62202.021516
1762506 62202.021964
1763334 62203.012252
1763335 62203.012701
1763336 62203.01315
1763337 62203.013598
1763338 62203.014047
1763339 62203.014496
1765012 62205.012176
1765013 62205.012625
1765014 62205.013074
1765022 62205.016831
1765023 62205.017287
1765024 62205.017736
1765025 62205.018188
1765026 62205.018637
1765027 62205.019086
1766718 62206.997854
1766756 62207.014966
1767597 62207.997882
1767603 62208.000565
1767604 62208.001014
1767605 62208.001463
1767635 62208.015015
1767636 62208.015463
1767637 62208.015909
1768433 62208.997464
1768434 62208.997913
1768458 62209.0087
1768459 62209.009149
1768460 62209.009607
1768468 62209.013185
1768469 62209.013633
1769332 62209.995253
1769333 62209.9957
1769334 62209.996148
1769335 62209.996597
1769336 62209.997044
1769339 62209.998386
1769340 62209.998833
1769341 62209.99928
1769342 62209.99973
1769343 62210.000179
1769344 62210.000628
1769345 62210.001077
1769346 62210.001526
1769358 62210.006924
1769359 62210.007373
1769360 62210.007822
1769361 62210.008279
1769362 62210.008744
1769363 62210.00919
1769364 62210.009637
1769367 62210.010977
1769368 62210.011422
1769369 62210.011869
1769370 62210.012318
1769371 62210.012764
1769372 62210.013229
1769373 62210.013678
1769374 62210.014127
1769375 62210.014576
1770227 62211.011444
1770228 62211.011893
1772772 62214.990915
1772773 62214.991364
1772787 62214.997668
1772788 62214.998117
1772789 62214.998566
1772790 62214.999014
1772793 62215.000356
1772794 62215.000803
1772795 62215.001252
1772796 62215.001698
1772797 62215.002147
1772798 62215.002593
1772799 62215.00304
1772800 62215.003486
1772802 62215.004395
1772803 62215.004844
1772804 62215.005306
1772805 62215.005755
1779853 62222.988131
1779854 62222.988587
1779855 62222.98907
1779856 62222.989516
1779857 62222.989974
1779858 62222.990423
1779859 62222.990872
1779860 62222.991321
1799330 62245.967998
1799333 62245.969338
1872031 62346.440471
1872032 62346.440927
1872033 62346.441375
1872034 62346.441824
1890291 62367.424653
1890962 62368.413888
1890963 62368.414343
1890964 62368.414791
1890966 62368.415695
1890967 62368.416143
1890968 62368.4166
1890969 62368.417054
1890970 62368.417503
1890971 62368.417951
1890972 62368.418417
1890973 62368.418866
1890974 62368.419329
1890975 62368.419778
1890976 62368.420226
1890978 62368.421157
1890979 62368.421606
1890980 62368.422055
1890981 62368.422504
1890982 62368.422953
1890983 62368.423452
1890984 62368.423901
1890988 62368.425717
1890989 62368.426165
1890991 62368.42733
1890993 62368.428238
1890994 62368.428694
1890995 62368.429149
1890996 62368.429616
1895280 62375.40814
1895281 62375.408589
1895282 62375.409054
1895310 62375.422564
1895311 62375.423013
1896926 62377.407337
1896929 62377.408689
1896930 62377.409137
1896931 62377.409595
1896932 62377.410051
1896933 62377.410526
1896934 62377.410976
1896935 62377.411425
1896942 62377.414605
1896943 62377.415054
1896944 62377.415503
1896945 62377.415952
1896946 62377.416489
1897875 62378.410371
1897876 62378.41082
1897877 62378.411277
1897892 62378.418199
1897893 62378.418657
1897894 62378.419115
1897895 62378.41957
1897896 62378.42002
1906226 62388.411744
1907112 62389.396644
1907123 62389.401615
1907124 62389.402067
1907125 62389.402524
1907126 62389.402993
1907127 62389.403443
1907128 62389.403894
1907135 62389.407054
1907136 62389.407504
1907137 62389.407954
1907138 62389.408405
1907139 62389.408855
1907140 62389.409407
1907141 62389.409857
1907142 62389.410308
1907143 62389.410762
1907144 62389.411235
1908993 62391.396049
1908994 62391.396499
1909020 62391.408286
1909620 62393.395293
1909621 62393.395742
1912824 62399.390545
1912826 62399.391452
1912827 62399.391901
1912829 62399.392814
1912830 62399.3934
1912831 62399.393849
1912832 62399.394297
1912833 62399.394758
1915316 62402.399999
1915317 62402.400448
1915318 62402.400896
1915319 62402.401345
1915320 62402.401794
1922539 62413.373214
1922540 62413.373663
1922541 62413.374112
1922542 62413.374561
1922543 62413.375027
1922544 62413.375476
1922545 62413.375925
1922546 62413.376373
1922551 62413.378624
1922552 62413.379072
1922553 62413.379521
1922566 62413.385421
1922567 62413.38587
1922568 62413.386319
1922569 62413.386801
1922570 62413.38725
1922571 62413.387699
1922572 62413.388148
1922573 62413.388617
1922574 62413.389066
1922575 62413.389515
1922576 62413.389964
1929204 62421.37271
1929205 62421.373157
1929206 62421.373605
1929207 62421.374054
1929208 62421.374502
1929209 62421.37495
1929210 62421.375399
1929211 62421.375847
1929212 62421.376296
1929213 62421.376749
1929214 62421.377206
1929215 62421.377657
1942902 62440.361176
1942903 62440.361907
1942904 62440.362356
1942907 62440.363738
1942911 62440.36554
1942912 62440.365996
1956813 62472.021689
1956814 62472.022136
1956815 62472.022582
1956863 62472.044558
1956864 62472.045007
1956865 62472.045456
1962780 62481.031474
1962781 62481.031922
1962782 62481.032369
1962786 62481.034153
1962787 62481.034598
1962788 62481.035045
1962789 62481.035494
1962790 62481.035943
1962791 62481.036392
1962792 62481.036841
1962793 62481.03729
1962796 62481.038647
1962797 62481.039095
1962798 62481.039544
1962799 62481.039993
1962800 62481.040442
1962812 62481.045862
1962813 62481.046314
1962814 62481.046764
1962819 62481.04903
1962820 62481.049481
1962821 62481.04993
1962822 62481.050379
1962823 62481.050828
1962824 62481.051277
1963488 62482.035149
1963516 62482.047841
1964175 62483.037065
1964176 62483.037513
1964177 62483.037961
1964178 62483.03841
1964179 62483.038858
1964180 62483.039307
1964850 62484.028102
1964851 62484.028551
1964852 62484.029
1964853 62484.029459
1964854 62484.029908
1964855 62484.030357
1964856 62484.030806
1964857 62484.031256
1964858 62484.031705
1964867 62484.035747
1964868 62484.036198
1964869 62484.036647
1964870 62484.037104
1964871 62484.037559
1964872 62484.038008
1964873 62484.038457
1964874 62484.038904
1964882 62484.042521
1964884 62484.043478
1964885 62484.043929
1964886 62484.044383
1964887 62484.044832
1964888 62484.045281
1964889 62484.04573
1964890 62484.046187
1964891 62484.046636
1964892 62484.047085
1964893 62484.047534
1964894 62484.047984
1964895 62484.048439
1964903 62484.052146
1964904 62484.052595
1965549 62485.03507
1965550 62485.035518
1965552 62485.036422
1965553 62485.036888
1965554 62485.037336
1965555 62485.037785
1965556 62485.03832
1965557 62485.038791
1965558 62485.03924
1973866 62497.038742
1973867 62497.039191
1973868 62497.039639
1973869 62497.040088
1973870 62497.040554
1973871 62497.041012
1973872 62497.04146
1973873 62497.041928
1973874 62497.04238
1973875 62497.042836
1973905 62497.056852
1973906 62497.0573
1973907 62497.057749
1975212 62499.035176
1975213 62499.035634
1975214 62499.036083
1975215 62499.036532
1975216 62499.036981
1975217 62499.03743
1975220 62499.038894
1975221 62499.039342
1975222 62499.039806
1975223 62499.040255
1975224 62499.040704
1975225 62499.041163
1975226 62499.041636
1975236 62499.046326
1975238 62499.047248
1975239 62499.047883
1975240 62499.048332
1975241 62499.048781
1975242 62499.04923
1975243 62499.049678
1975244 62499.050437
1975258 62499.057125
1975259 62499.057583
1975260 62499.058032
1983643 62511.050685
1985035 62513.041495
1985036 62513.041963
1985037 62513.042429
1985043 62513.045136
1985765 62514.048133
1985766 62514.048675
1998131 62531.039319
1998132 62531.039777
2001097 62535.033214
2001098 62535.033663
2001099 62535.034112
2001100 62535.034561
2001101 62535.035009
2001102 62535.035458
2001103 62535.035924
2001104 62535.036373
2001105 62535.036829
2001106 62535.037277
2001128 62535.047259
2001129 62535.047708
2001130 62535.048156
2001842 62536.033068
2001843 62536.033518
2001844 62536.033974
2001845 62536.034427
2001846 62536.034877
2001872 62536.04656
2001873 62536.047009
2001874 62536.047466
2002648 62537.036092
2002649 62537.03654
2002650 62537.036989
2002651 62537.037437
2002652 62537.037893
2002653 62537.038346
2002654 62537.038802
2002655 62537.039264
2002656 62537.039712
2002657 62537.040161
2002658 62537.040609
2002659 62537.041058
2003409 62538.038403
2004116 62539.030406
2004117 62539.030854
2004118 62539.031303
2004119 62539.031756
2004120 62539.032213
2004121 62539.032677
2004122 62539.033126
2004123 62539.033574
2004124 62539.034023
2004125 62539.034472
2004896 62540.025799
2004897 62540.026256
2004898 62540.026726
2004923 62540.038238
2004924 62540.038686
2004925 62540.039135
2004926 62540.039594
2004927 62540.040052
2004932 62540.042463
2004933 62540.04292
2004934 62540.043396
2005681 62541.024218
2005682 62541.024668
2005683 62541.025118
2005684 62541.025654
2005714 62541.03957
2005715 62541.040019
2005716 62541.040483
2005717 62541.041032
2009576 62546.01903
2009577 62546.019479
2009578 62546.019945
2009579 62546.020425
2009580 62546.020962
2009581 62546.021426
2009582 62546.021875
2009583 62546.022347
2009584 62546.022796
2009585 62546.023263
2009589 62546.025249
2016889 62555.012279
2016890 62555.012734
2016892 62555.013639
2016893 62555.014111
2016894 62555.014559
2016895 62555.015008
2016897 62555.015912
2016898 62555.016361
2016899 62555.01681
2016900 62555.017266
2016901 62555.017715
2016910 62555.021751
2016911 62555.022204
2016912 62555.022653
2016913 62555.023101
2016930 62555.030999
2016931 62555.031448
2016932 62555.031903
2016933 62555.032352
2016934 62555.032801
2018925 62558.011697
2018926 62558.012146
2018927 62558.012595
2018928 62558.013044
2018929 62558.013492
2018930 62558.013953
2018931 62558.014402
2018932 62558.014851
2018933 62558.0153
2018934 62558.015749
2018935 62558.016198
2018951 62558.02345
2018952 62558.023906
2018953 62558.024355
2018954 62558.024814
2018955 62558.025263
2018956 62558.025712
2018957 62558.026161
2018966 62558.03027
2021420 62561.023167
2021421 62561.023616
2023963 62564.010288
2023964 62564.010736
2023965 62564.011184
2023966 62564.011633
2023967 62564.012082
2023968 62564.012531
2023969 62564.012979
2023973 62564.014781
2023974 62564.015239
2023975 62564.015688
2023976 62564.016137
2023977 62564.016592
2023978 62564.017041
2023979 62564.01749
2024823 62565.011806
2024824 62565.012274
2024835 62565.017225
2024836 62565.017674
2024837 62565.018121
2026500 62567.002812
2026501 62567.003259
2026502 62567.003708
2026517 62567.01042
2026518 62567.010868
2026519 62567.011317
2027382 62568.02
2027383 62568.020448
2033912 62577.993392
2033913 62577.993839
2033914 62577.994285
2033915 62577.994741
2033916 62577.995214
2033917 62577.995663
2033918 62577.996112
2033919 62577.996575
2033920 62577.997024
2033932 62578.00274
2033933 62578.003195
2033934 62578.00365
2033951 62578.011735
2033952 62578.012181
2050771 62599.975355
2050772 62599.975801
2050773 62599.976248
2050774 62599.976697
2050775 62599.977143
2050776 62599.977589
2050778 62599.978493
2050779 62599.978939
2054527 62603.979076
2054541 62603.985405
2054542 62603.985854
2054543 62603.986299
2134344 62733.423369
2150439 62752.408795
2150440 62752.409249
2151359 62753.39733
2151360 62753.39778
2151361 62753.398231
2151362 62753.398681
2151370 62753.402287
2151371 62753.402738
2151372 62753.403188
2151373 62753.403638
2151374 62753.404107
2151375 62753.404579
2151395 62753.413717
2151396 62753.414167
2156655 62759.390064
2156657 62759.391013
2156662 62759.393576
2156663 62759.394025
2156664 62759.39448
2156669 62759.397126
2156670 62759.397844
2156671 62759.398294
2156672 62759.398888
2156673 62759.399344
2156674 62759.399799
2156675 62759.400249
2156687 62759.40578
2156688 62759.406237
2156689 62759.406692
2156690 62759.40714
2158226 62761.405548
2158227 62761.405997
2158228 62761.406445
2158229 62761.406894
2159119 62762.402574
2159120 62762.403025
2159121 62762.403474
2159122 62762.403923
2159123 62762.404372
2159124 62762.40486
2159125 62762.405308
2159126 62762.405757
2159127 62762.406206
2160892 62764.399598
2161736 62765.387837
2161759 62765.39836
2161760 62765.39881
2161761 62765.399267
2161762 62765.399734
2168915 62775.381297
2168917 62775.382203
2168918 62775.382652
2168919 62775.3831
2168920 62775.383548
2168945 62775.39483
2170192 62777.378619
2170193 62777.379068
2170194 62777.379522
2170195 62777.379971
2170201 62777.382693
2170202 62777.383143
2170203 62777.383605
2170204 62777.384061
2170205 62777.384528
2170206 62777.384976
2170207 62777.385424
2170208 62777.385873
2170210 62777.386788
2170211 62777.387254
2170212 62777.387703
2170213 62777.388151
2170214 62777.3886
2170215 62777.389049
2170216 62777.389526
2170217 62777.389975
2170218 62777.390424
2170219 62777.390873
2170220 62777.391322
2171053 62779.376862
2171054 62779.377312
2171055 62779.377768
2171077 62779.388042
2171078 62779.38849
2171079 62779.38894
2171080 62779.389388
2171081 62779.38987
2175679 62786.379605
2175680 62786.380054
2175681 62786.380503
2175682 62786.380952
2175683 62786.381401
2204060 62836.027145
2204061 62836.02759
2204062 62836.028038
2204063 62836.028491
2204064 62836.028937
2204065 62836.029383
2204066 62836.029832
2204067 62836.030278
2204068 62836.030724
2204069 62836.031177
2204070 62836.031623
2204071 62836.032071
2204072 62836.032518
2204073 62836.032965
2204077 62836.034756
2204078 62836.035205
2204079 62836.035651
2204080 62836.0361
2204081 62836.036549
2204082 62836.036994
2204083 62836.037443
2204098 62836.044228
2204768 62837.031913
2204769 62837.03236
2204770 62837.032807
2204786 62837.040077
2204788 62837.040982
2206587 62840.024749
2206588 62840.025304
2206589 62840.02576
2213756 62854.037794
2232352 62887.037739
2232353 62887.038187
2234543 62890.044765
2234544 62890.045215
2235249 62891.034498
2235250 62891.034948
2235270 62891.044104
2235288 62891.052284
2235289 62891.052734
2236727 62893.029615
2236728 62893.030073
2240145 62898.029028
2240148 62898.030398
2240149 62898.030857
2240150 62898.031396
2240151 62898.031845
2240152 62898.032295
2240182 62898.046282
2240183 62898.046771
2240184 62898.047229
2240185 62898.047702
2257954 62931.007451
2257955 62931.0079
2257956 62931.008349
2257957 62931.008802
2257964 62931.011938
2257965 62931.012386
2257966 62931.012835
2257967 62931.013288
2257968 62931.013737
2257969 62931.0142
2257970 62931.014649
2257971 62931.015098
2257974 62931.016461
2258789 62932.003019
2258790 62932.003467
2258791 62932.003915
2258792 62932.004368
2258793 62932.004817
2258794 62932.005281
2258795 62932.005742
2258796 62932.006199
2258828 62932.020905
2258829 62932.021357
2258830 62932.021811
2258831 62932.022265
2277750 62955.991894
2277751 62955.99234
2277752 62955.992788
2277753 62955.993237
2277754 62955.993684
2277755 62955.994129
2277757 62955.995022
2277758 62955.995467
2277759 62955.995912
2277760 62955.996358
2277761 62955.996805
2277762 62955.997251
2277764 62955.998142
2277765 62955.998589
2277766 62955.999037
2278554 62956.983348
2278555 62956.983797
2278578 62956.994377
2278579 62956.994823
2278585 62956.997551
2279427 62957.981177
2279428 62957.981623
2279429 62957.982072
2279430 62957.982548
2279431 62957.982999
2279432 62957.983449
2279433 62957.9839
2289874 62969.970837
2289875 62969.971284
2289876 62969.97173
2289877 62969.972176
2289878 62969.972624
2292212 62972.969543
2292213 62972.969989
2292214 62972.970438
2292215 62972.970884
2292216 62972.971335
2295094 62975.967881
2296758 62977.974626
2342230 63063.434697
2342231 63063.435146
2342232 63063.435595
2342233 63063.436044
2342234 63063.436499
2342235 63063.436948
2342236 63063.437397
2342247 63063.442397
2356590 63082.428379
2356591 63082.428827
2356592 63082.429276
2356593 63082.429742
2356595 63082.430655
2356605 63082.435223
2356606 63082.435672
2356607 63082.436127
2356608 63082.436576
2356610 63082.437486
2356611 63082.437952
2356612 63082.438437
2356613 63082.438915
2356614 63082.439415
2360601 63086.421303
2360602 63086.421752
2360603 63086.4222
2360604 63086.42266
2360605 63086.423108
2360606 63086.423566
2360608 63086.42451
2360609 63086.424979
2360610 63086.425428
2360611 63086.425877
2360614 63086.42728
2360615 63086.427728
2360616 63086.428177
2360617 63086.428635
2360618 63086.429084
2360619 63086.429549
2360620 63086.429998
2360621 63086.430447
2360622 63086.430969
2360623 63086.431418
2360624 63086.431866
2360625 63086.432333
2360635 63086.436849
2360636 63086.437481
2374738 63113.411519
2374739 63113.411999
2379630 63121.398166
2379631 63121.398615
2381487 63123.405123
2381488 63123.405573
2381490 63123.406482
2385980 63131.391688
2385981 63131.392138
2385982 63131.392588
2385983 63131.393045
2385984 63131.393495
2385985 63131.393945
2385994 63131.39805
2385995 63131.398498
2385996 63131.398955
2385997 63131.399406
2385998 63131.399854
2385999 63131.400303
2386886 63132.389056
2386887 63132.389514
2386888 63132.389973
2386889 63132.39045
2386890 63132.391006
2386891 63132.391484
2386892 63132.391934
2386894 63132.392864
2386895 63132.393314
2386896 63132.393769
2386897 63132.394301
2386898 63132.394866
2386899 63132.395347
2386907 63132.399832
2386908 63132.400288
2386909 63132.400739
2386910 63132.401189
2386912 63132.402108
2391054 63140.375638
2391055 63140.376142
2391056 63140.376687
2391057 63140.37724
2391058 63140.37783
2391059 63140.378279
2397079 63148.380239
2397080 63148.380688
2397081 63148.381137
2397082 63148.381595
2414204 63169.353176
2414205 63169.353633
2414206 63169.354081
2414207 63169.354543
2414210 63169.355959
2414211 63169.356408
2414212 63169.356879
2414214 63169.357793
2414215 63169.358241
2414216 63169.3587
2414217 63169.359164
2423570 63191.02436
2424991 63193.018677
2424996 63193.020917
2424997 63193.021365
2424998 63193.021812
2424999 63193.022262
2425000 63193.022712
2425026 63193.035533
2425031 63193.037772
2425032 63193.038219
2429310 63198.346548
2430789 63201.040611
2430790 63201.04106
2430791 63201.041513
2430792 63201.041962
2430793 63201.042425
2431466 63203.039081
2431467 63203.039547
2431472 63203.041833
2431473 63203.042288
2431474 63203.042766
2431475 63203.043215
2431476 63203.043676
2431477 63203.044152
2434946 63208.043247
2434947 63208.04372
2434956 63208.047878
2434957 63208.048393
