5764 59588.037698
5765 59588.038155
5766 59588.038611
5767 59588.039067
5768 59588.039535
5769 59588.039984
6477 59589.035391
6478 59589.035839
6479 59589.036296
6480 59589.036752
6481 59589.037218
6482 59589.037667
6483 59589.038115
6508 59589.049325
6509 59589.049774
6510 59589.050238
6511 59589.05075
6512 59589.051272
6513 59589.051722
10818 59595.035423
10852 59595.050697
11613 59596.048659
12343 59597.032692
12380 59597.04937
16866 59603.031226
16867 59603.031677
16895 59603.044238
16913 59603.052331
27749 59617.028754
27750 59617.029302
27751 59617.029771
27752 59617.030288
27753 59617.030754
27754 59617.031243
27755 59617.031692
37617 59630.018303
37618 59630.018752
37619 59630.019201
37620 59630.01965
37621 59630.020098
37622 59630.020547
37623 59630.021013
37624 59630.021462
37625 59630.021911
37626 59630.02236
37627 59630.022809
37628 59630.023258
37635 59630.026536
37636 59630.026986
37637 59630.027434
37638 59630.027882
37639 59630.028331
37640 59630.028787
37641 59630.029236
37642 59630.029684
37643 59630.030156
37644 59630.030611
37645 59630.03106
37646 59630.031508
37647 59630.031968
37648 59630.032417
37649 59630.032875
37650 59630.033338
37651 59630.033787
37652 59630.034245
37653 59630.034694
37654 59630.035143
37655 59630.035601
51619 59648.013759
51620 59648.014207
52528 59649.013233
52540 59649.018722
53399 59650.003196
53400 59650.003645
53401 59650.004094
53403 59650.005249
53404 59650.005698
53414 59650.010189
54299 59651.999168
55225 59653.001775
55226 59653.002224
55227 59653.002682
55228 59653.003171
55229 59653.003621
55230 59653.00407
55231 59653.004519
55232 59653.005005
57078 59655.008441
57079 59655.008898
76033 59677.979047
76034 59677.979496
76035 59677.979943
76036 59677.980389
76037 59677.980838
76038 59677.981283
76039 59677.981728
76040 59677.982177
76041 59677.982623
76042 59677.983069
76043 59677.983517
76044 59677.983966
76045 59677.984413
76046 59677.984867
76047 59677.985313
80928 59682.977925
80929 59682.978371
82952 59684.986759
82953 59684.987204
83913 59685.973041
83914 59685.973488
83915 59685.973934
83919 59685.975864
83920 59685.976313
84888 59686.969488
85174 59687.97363
161975 59797.427952
161976 59797.428424
161977 59797.428873
161979 59797.430196
161980 59797.430652
161981 59797.4311
161982 59797.431575
161983 59797.432145
161984 59797.432656
166961 59802.416069
166962 59802.416551
166963 59802.416999
166964 59802.417485
166965 59802.417934
166966 59802.418383
166967 59802.418861
166968 59802.41931
166969 59802.419759
166970 59802.420224
166971 59802.420673
166972 59802.421121
190587 59835.391911
190588 59835.392361
190592 59835.394172
190593 59835.394622
190595 59835.395544
190598 59835.396911
190602 59835.398733
190603 59835.399183
190605 59835.400231
190606 59835.400681
190610 59835.4025
190611 59835.40295
190615 59835.404915
190618 59835.406272
190619 59835.406722
190621 59835.407643
190622 59835.408094
242265 59914.034796
242266 59914.035245
242267 59914.035694
242268 59914.03614
242269 59914.036587
242270 59914.037033
242273 59914.038375
242274 59914.038822
242275 59914.039268
242276 59914.039717
242277 59914.040165
242278 59914.040612
250829 59927.039166
250830 59927.039616
250831 59927.040065
250832 59927.040514
250833 59927.040963
250853 59927.049908
250854 59927.050357
250855 59927.050806
250856 59927.051254
250857 59927.051709
250858 59927.052158
250859 59927.052613
252228 59929.052955
252892 59930.039128
252893 59930.039576
252894 59930.040024
268891 59954.041696
268894 59954.043048
279999 59975.034098
280014 59975.040922
280015 59975.041372
280016 59975.041871
287827 59986.024446
287828 59986.024896
287829 59986.025346
287830 59986.025794
287831 59986.026242
287835 59986.028036
287836 59986.028484
287837 59986.028933
288653 59987.035903
288654 59987.036352
288655 59987.036801
288656 59987.037249
288657 59987.037705
288658 59987.038154
288660 59987.039069
288661 59987.039525
288662 59987.039992
288663 59987.040458
288664 59987.040909
291852 59991.022323
291853 59991.022771
291854 59991.02322
291855 59991.023669
291856 59991.024142
291857 59991.024591
291858 59991.025049
291859 59991.025498
291860 59991.025947
291888 59991.038632
306120 60009.016928
306121 60009.017377
306122 60009.017826
306123 60009.018275
306124 60009.018723
306125 60009.019172
306126 60009.019621
306127 60009.02007
306128 60009.020529
306129 60009.020978
306130 60009.021427
306131 60009.021876
306132 60009.022324
307870 60011.012136
307879 60011.01617
307880 60011.016617
327708 60036.979514
327718 60036.983984
327719 60036.98443
327720 60036.984878
327721 60036.985327
327722 60036.985774
327723 60036.986219
327727 60036.988013
327728 60036.98846
327729 60036.988908
327730 60036.989357
327731 60036.989804
327732 60036.990249
327733 60036.990698
327734 60036.991143
327735 60036.991588
327736 60036.992035
327737 60036.992483
327738 60036.992931
327744 60036.995607
330586 60039.977079
330587 60039.977526
330589 60039.978421
330590 60039.97887
330591 60039.979319
330592 60039.979767
330593 60039.980213
330594 60039.980658
330595 60039.981106
330596 60039.981552
330597 60039.981998
330598 60039.982447
330599 60039.982896
330600 60039.983345
330601 60039.983791
330602 60039.984268
330604 60039.985161
330612 60039.988737
330613 60039.989191
330614 60039.989636
330615 60039.990111
390585 60132.428535
390586 60132.428983
390590 60132.430774
390591 60132.43122
390592 60132.431668
390599 60132.434799
390600 60132.435246
407048 60158.430393
407050 60158.431297
407051 60158.431746
407053 60158.43265
407054 60158.433099
407055 60158.433547
407056 60158.433996
407057 60158.434445
407058 60158.434893
425796 60184.41611
425809 60184.421958
475530 60274.026852
475531 60274.0273
475532 60274.027748
481356 60282.036286
481357 60282.036735
481358 60282.037183
481359 60282.037631
481360 60282.038079
481361 60282.038537
481362 60282.038983
481363 60282.039432
481364 60282.039881
481365 60282.040328
481366 60282.040773
481367 60282.041222
481368 60282.041667
481369 60282.042113
481370 60282.042562
481372 60282.043468
481373 60282.043915
481374 60282.044364
481375 60282.044813
481376 60282.045262
491200 60301.038855
491201 60301.039304
491202 60301.039752
491203 60301.040222
491204 60301.040671
500078 60314.035029
500079 60314.035478
500080 60314.035927
500081 60314.036376
500082 60314.036824
500083 60314.03728
500084 60314.037728
500085 60314.038177
500103 60314.046305
500119 60314.053542
500120 60314.053991
500121 60314.054441
500122 60314.054901
500123 60314.055368
500124 60314.055818
500129 60314.058163
500130 60314.058615
500809 60315.037333
500810 60315.037782
500811 60315.038231
500812 60315.03868
500813 60315.039129
500814 60315.039577
500815 60315.040061
500816 60315.04051
500817 60315.040959
500818 60315.041407
510362 60328.033042
510364 60328.03401
510365 60328.034469
510366 60328.034919
510367 60328.035438
510368 60328.035888
510369 60328.036344
510370 60328.036834
510371 60328.037322
510372 60328.037804
510373 60328.038302
510374 60328.038759
510375 60328.039209
510376 60328.039754
510377 60328.040213
510378 60328.040696
510379 60328.041183
510380 60328.041675
510381 60328.042169
510382 60328.042635
510384 60328.043738
510385 60328.044217
510386 60328.044759
510387 60328.045209
510388 60328.045659
510389 60328.046168
510390 60328.046649
510391 60328.047129
510392 60328.047643
510393 60328.048093
510394 60328.048543
510395 60328.049075
510396 60328.049552
510397 60328.050009
510398 60328.050494
510399 60328.050956
510400 60328.051422
510401 60328.051886
510402 60328.052334
510403 60328.05288
510404 60328.053329
510405 60328.053812
511878 60330.049979
511882 60330.051802
511884 60330.05282
528719 60356.028661
528737 60356.036737
530317 60359.035496
552241 60391.988145
552242 60391.988594
552243 60391.989043
552244 60391.989492
552245 60391.989941
552246 60391.990387
552260 60391.996644
552261 60391.997093
555193 60395.985173
555194 60395.98562
555195 60395.986068
555196 60395.986517
555197 60395.986964
555198 60395.987409
555200 60395.988309
555201 60395.988756
555202 60395.989206
555203 60395.989655
555204 60395.990104
555205 60395.99055
555206 60395.990998
555211 60395.993233
555212 60395.993682
555221 60395.997726
555222 60395.998181
555223 60395.998629
555224 60395.999102
555225 60395.99955
555226 60395.999996
555227 60396.000442
555228 60396.000887
555229 60396.001336
555230 60396.00179
555231 60396.002237
567482 60418.966748
567483 60418.967194
567488 60418.969429
567489 60418.969874
604339 60486.428922
604341 60486.429817
604343 60486.430713
604344 60486.431161
604345 60486.431609
604346 60486.432057
604347 60486.432506
604348 60486.432953
630061 60515.429953
630062 60515.430402
630063 60515.430852
630064 60515.431301
630065 60515.43175
630066 60515.432199
630068 60515.433098
630069 60515.433547
630070 60515.433997
630071 60515.434446
630072 60515.434895
630073 60515.435344
630081 60515.438949
630082 60515.439398
630083 60515.439847
630084 60515.440296
630085 60515.440745
630086 60515.441194
630087 60515.441643
630089 60515.442546
630090 60515.442995
630091 60515.443444
631519 60518.426288
631520 60518.426737
631527 60518.429899
631528 60518.430347
631529 60518.430796
631530 60518.431244
631532 60518.432158
631533 60518.432607
631534 60518.433055
631535 60518.433504
631536 60518.433952
631537 60518.434401
631539 60518.435299
631540 60518.435749
631541 60518.436198
631542 60518.436647
631543 60518.437096
631544 60518.437554
631545 60518.438002
631549 60518.439814
631550 60518.440263
631551 60518.440712
631552 60518.44116
631553 60518.441609
631554 60518.442058
631555 60518.442507
646756 60540.414711
646757 60540.415166
646758 60540.415624
646764 60540.418319
646765 60540.41877
646766 60540.419226
646772 60540.421926
646773 60540.422382
646774 60540.422844
646775 60540.42337
646776 60540.423826
646777 60540.424283
646788 60540.429224
646789 60540.42968
646790 60540.430136
646791 60540.430593
738182 60671.032968
738183 60671.033417
738185 60671.034326
738186 60671.034776
738187 60671.035224
738188 60671.035673
738189 60671.036121
738190 60671.03657
738191 60671.037019
738200 60671.041066
738202 60671.041985
738896 60672.033639
738897 60672.034088
738898 60672.034537
738899 60672.034986
738900 60672.035435
738901 60672.035884
738902 60672.036333
738906 60672.038138
738907 60672.038587
738908 60672.039035
738909 60672.039484
738910 60672.039933
738911 60672.040382
738913 60672.041295
738914 60672.041747
738915 60672.042196
738916 60672.042644
738917 60672.043093
738918 60672.043542
738928 60672.048027
738929 60672.048476
738930 60672.048924
740268 60674.042546
740269 60674.043001
740270 60674.043461
740271 60674.043909
743770 60679.045752
743772 60679.046657
743773 60679.04711
743774 60679.047566
743775 60679.048022
743776 60679.048488
743777 60679.048941
743778 60679.049401
743779 60679.049864
743780 60679.050313
743781 60679.050762
743782 60679.051229
743783 60679.051799
743784 60679.05225
747314 60684.040879
747316 60684.041805
747317 60684.04226
747318 60684.042718
748062 60685.057906
750799 60689.033494
750800 60689.033943
750801 60689.034392
750802 60689.034841
750803 60689.03529
753433 60693.047446
753434 60693.047917
753437 60693.049282
753438 60693.049731
755633 60696.050686
755634 60696.051143
755635 60696.051628
755636 60696.052084
755638 60696.053002
755639 60696.053452
755640 60696.053948
755641 60696.054541
756343 60697.044011
764478 60708.02646
764479 60708.026927
764480 60708.027375
764481 60708.027824
764506 60708.039024
764507 60708.039473
764508 60708.039922
764509 60708.040371
764510 60708.04082
764511 60708.041268
764512 60708.041721
764513 60708.042188
764514 60708.04264
764515 60708.043096
764516 60708.043544
764517 60708.043993
765255 60709.025907
765256 60709.026356
765257 60709.026805
765258 60709.027254
765259 60709.027703
765272 60709.033539
765273 60709.033988
765274 60709.034436
765275 60709.034885
765276 60709.035334
765277 60709.035825
765278 60709.036292
765279 60709.03675
765280 60709.037206
765281 60709.037663
765282 60709.038112
765283 60709.038562
765284 60709.039011
765285 60709.03946
765286 60709.03991
788729 60740.003936
788730 60740.004385
788734 60740.006187
788735 60740.006633
788736 60740.007082
788737 60740.007531
788738 60740.00798
788739 60740.008429
788740 60740.008877
788748 60740.012491
788749 60740.01294
788750 60740.013389
788751 60740.013838
788752 60740.014287
788753 60740.014736
788754 60740.015189
788755 60740.015638
788756 60740.016087
788763 60740.019271
788764 60740.01972
788769 60740.02196
788770 60740.022408
791342 60743.004959
791343 60743.005417
791344 60743.005866
791345 60743.006314
791361 60743.013515
791366 60743.015757
791367 60743.016206
791368 60743.016656
791369 60743.017104
791370 60743.017553
791371 60743.018002
791372 60743.018451
791373 60743.0189
792762 60749.006503
792763 60749.00695
792764 60749.007396
792765 60749.007845
792766 60749.008293
799040 60755.991449
799041 60755.991898
799042 60755.992347
799043 60755.992793
799045 60755.993684
799046 60755.994133
799047 60755.994578
799048 60755.995025
799049 60755.995472
799050 60755.995919
799051 60755.996366
799052 60755.996815
799053 60755.997261
799055 60755.998155
799056 60755.998602
799057 60755.999051
799058 60755.9995
799066 60756.003083
799067 60756.003532
802650 60760.00015
802651 60760.000599
809076 60767.980431
809077 60767.980878
809078 60767.981326
809079 60767.981775
809080 60767.982225
809081 60767.982673
809083 60767.983564
809084 60767.984013
809085 60767.984459
809086 60767.984906
809087 60767.985355
809088 60767.985801
809089 60767.986246
809093 60767.988032
809094 60767.988481
809095 60767.988926
809096 60767.989371
809097 60767.989818
809098 60767.990267
809099 60767.990715
809105 60767.993394
809106 60767.993839
809107 60767.994286
809108 60767.994731
809109 60767.995185
809110 60767.995633
809111 60767.996081
810937 60769.977469
810938 60769.977918
812799 60771.97587
812819 60771.984911
812820 60771.98536
812822 60771.986257
812823 60771.986702
814653 60773.989152
814658 60773.991508
814659 60773.991953
814660 60773.992402
814661 60773.992847
814662 60773.993293
904813 60899.415667
904814 60899.416164
904815 60899.416613
904816 60899.417062
904817 60899.41756
904818 60899.418009
904819 60899.418458
904820 60899.418907
904821 60899.419356
904822 60899.419805
904823 60899.420254
904825 60899.421161
904826 60899.42161
904827 60899.422059
904828 60899.422508
904829 60899.422957
904830 60899.423428
904831 60899.423877
904832 60899.424326
904833 60899.424774
904834 60899.425223
904836 60899.426128
904837 60899.426576
904838 60899.427025
913915 60910.408705
913916 60910.409154
914952 60911.421705
928017 60941.384194
937717 60954.373921
937718 60954.374369
937719 60954.374818
937721 60954.376064
937722 60954.376523
937723 60954.376972
937724 60954.377603
937725 60954.378053
937726 60954.378569
967454 61004.016585
967455 61004.017032
967456 61004.017479
967470 61004.023741
975160 61016.025647
975161 61016.026094
975162 61016.026542
975163 61016.026989
975169 61016.029672
975170 61016.03012
975843 61017.024887
975844 61017.025333
975845 61017.025778
975846 61017.026225
975847 61017.026673
975848 61017.027123
975849 61017.027569
975850 61017.028015
975851 61017.02846
975852 61017.028917
975853 61017.029362
975854 61017.029809
975855 61017.030258
975856 61017.030707
975857 61017.031156
975859 61017.03206
975860 61017.032509
975862 61017.033423
975863 61017.03387
975888 61017.045055
975889 61017.045503
975890 61017.045961
975894 61017.047747
975895 61017.048195
975896 61017.048644
975897 61017.049094
976563 61019.033594
976564 61019.03404
976565 61019.034488
976575 61019.038953
976576 61019.039402
976577 61019.039856
976578 61019.040306
976579 61019.040753
976585 61019.04343
976592 61019.046556
976593 61019.047003
976594 61019.047451
976595 61019.0479
976596 61019.048349
976597 61019.048798
976598 61019.049247
976599 61019.049702
976600 61019.050151
976601 61019.050599
980002 61024.048358
980003 61024.048816
980004 61024.049265
980008 61024.051067
985678 61032.052406
987770 61035.035354
987771 61035.035803
987772 61035.036252
987773 61035.036701
987774 61035.03715
987775 61035.037599
989168 61037.040749
989169 61037.041198
989170 61037.041646
989171 61037.042095
989172 61037.042543
989173 61037.042992
989174 61037.043454
989176 61037.044393
989177 61037.044859
989178 61037.045308
989179 61037.045757
989180 61037.046206
989181 61037.046655
989182 61037.047104
990567 61039.033975
990568 61039.034423
990569 61039.034872
990570 61039.03532
990571 61039.035776
990572 61039.036227
990573 61039.036675
990574 61039.037124
990575 61039.037573
990576 61039.038021
990577 61039.038477
990602 61039.049846
991237 61040.038745
991238 61040.03924
991241 61040.040744
991242 61040.041204
991243 61040.041668
991244 61040.042135
991245 61040.042584
991246 61040.043042
991247 61040.043491
991248 61040.04394
991249 61040.044388
991250 61040.044837
991255 61040.047102
991256 61040.047551
991257 61040.048
991258 61040.048468
991259 61040.048917
991260 61040.04946
991261 61040.049909
991262 61040.050673
1010459 61072.04147
1010460 61072.041929
1010461 61072.042379
1010462 61072.042836
1032142 61100.015058
1032143 61100.015507
1032144 61100.015961
1034735 61103.018333
1035557 61104.00911
1035558 61104.009563
1035559 61104.010016
1038999 61108.00783
1039001 61108.008727
1039007 61108.011412
1039008 61108.011861
1039009 61108.01231
1039010 61108.012762
1039011 61108.01321
1039012 61108.013659
1039013 61108.014106
1039014 61108.014555
1039024 61108.019062
1039025 61108.019512
1039026 61108.019961
1039027 61108.02041
1051936 61122.989487
1051937 61122.989934
1051938 61122.990382
1051939 61122.99083
1051940 61122.991277
1051941 61122.99173
1051945 61122.993515
1051946 61122.99396
1051947 61122.994409
1051948 61122.994867
1051949 61122.995316
1051950 61122.995765
1051951 61122.996214
1051952 61122.996663
1052818 61123.989076
1052819 61123.989524
1052820 61123.989973
1052821 61123.990421
1052823 61123.991313
1052824 61123.991761
1052825 61123.99221
1052826 61123.992659
1052827 61123.993108
1052829 61123.994012
1052844 61124.000745
1052845 61124.001194
1052853 61124.004768
1052854 61124.005217
1062928 61135.983121
1062945 61135.990724
1062946 61135.991172
1062947 61135.991619
1062948 61135.992064
1062949 61135.992508
1062950 61135.992956
1062951 61135.993402
1062952 61135.993847
1062953 61135.994293
1062954 61135.994738
1062955 61135.995183
1062956 61135.995631
1062957 61135.996076
1065743 61138.976274
1071043 61148.980066
1134321 61247.42347
1134322 61247.423934
1134323 61247.424384
1134324 61247.424833
1134328 61247.42663
1134329 61247.427079
1134330 61247.427528
1134331 61247.427989
1134332 61247.428438
1134333 61247.428887
1134339 61247.431583
1134340 61247.432032
1134341 61247.432481
1134342 61247.432938
1134343 61247.433387
1134344 61247.433836
1134345 61247.434299
1134346 61247.434748
1134347 61247.435197
1134348 61247.435656
1134357 61247.439759
1134358 61247.440208
1134359 61247.440657
1134360 61247.441106
1134361 61247.441568
1134362 61247.442017
1134363 61247.442466
1134364 61247.442914
1177459 61309.383095
1219519 61375.039876
1219520 61375.040325
1219521 61375.040774
1219522 61375.041223
1219523 61375.04167
1219524 61375.042116
1219525 61375.042562
1219526 61375.043008
1219527 61375.043457
1219528 61375.043903
1219529 61375.044349
1220933 61378.033119
1220935 61378.034014
1220936 61378.034461
1220940 61378.03625
1220941 61378.036698
1220942 61378.037145
1220943 61378.037593
1220944 61378.038041
1220955 61378.042992
1220956 61378.043441
1220957 61378.04389
1220958 61378.044345
1220959 61378.044794
1220960 61378.04524
1220961 61378.045686
1220962 61378.046132
1220963 61378.046581
1235073 61406.040968
1235074 61406.041424
1237893 61410.047207
1237896 61410.048605
1237897 61410.049071
1240021 61413.048912
1240022 61413.049361
1240023 61413.049813
1240024 61413.050278
1240025 61413.050727
1240031 61413.053431
1240032 61413.053882
1240033 61413.054338
1240034 61413.054832
1242083 61416.039803
1246394 61423.054731
1251414 61430.040383
1253698 61433.04135
1253699 61433.041823
1253700 61433.042281
1253701 61433.04274
1253702 61433.04319
1254426 61434.043106
1254427 61434.043556
1254428 61434.044006
1254429 61434.044466
1254430 61434.044928
1254431 61434.045382
1254432 61434.045832
1255152 61435.028705
1255153 61435.029155
1255154 61435.029612
1255155 61435.030062
1255156 61435.030512
1255157 61435.030963
1268114 61453.02826
1268115 61453.028709
1268116 61453.029158
1268117 61453.029607
1268118 61453.030056
1268119 61453.030505
1268120 61453.030963
1268121 61453.031412
1268122 61453.031861
1268128 61453.034613
1268129 61453.035062
1268130 61453.03551
1268135 61453.037811
1268884 61454.016331
1268885 61454.01678
1268886 61454.017238
1268887 61454.017686
1268888 61454.018135
1268889 61454.018584
1268900 61454.023517
1268913 61454.029357
1268914 61454.029806
1268915 61454.030255
1268916 61454.030704
1268917 61454.031153
1268918 61454.031602
1268919 61454.032051
1269697 61455.02053
1269698 61455.020982
1269699 61455.02145
1269700 61455.021899
1269701 61455.022347
1269702 61455.022821
1275488 61462.023069
1275491 61462.024416
1275501 61462.028908
1275502 61462.029355
1275503 61462.029804
1275504 61462.030252
1280366 61468.011871
1280367 61468.012329
1280369 61468.013234
1291411 61480.99709
1291412 61480.997537
1291413 61480.997986
1291415 61480.998881
1291416 61480.999328
1291417 61480.999777
1291418 61481.000225
1291426 61481.003805
1291427 61481.004254
1292284 61482.001623
1292285 61482.002072
1292286 61482.002521
1292287 61482.002977
1292288 61482.003426
1292289 61482.003875
1292290 61482.004324
1292291 61482.004773
1292292 61482.005219
1292293 61482.005665
1292294 61482.006112
1292295 61482.006558
1292296 61482.007005
1292297 61482.007453
1292298 61482.0079
1292299 61482.008346
1292301 61482.009237
1292303 61482.010129
1296367 61488.987052
1296368 61488.9875
1296369 61488.987949
1296370 61488.988398
1298223 61491.986283
1298224 61491.986732
1298230 61491.989409
1298231 61491.989855
1298232 61491.990302
1298233 61491.990751
1298234 61491.991197
1298235 61491.991642
1298240 61491.993891
1298241 61491.994339
1299140 61492.984548
1299141 61492.984997
1299142 61492.985446
1299143 61492.985895
1299144 61492.986342
1299145 61492.986791
1299146 61492.987238
1299147 61492.987692
1299148 61492.988138
1299149 61492.988585
1299150 61492.989032
1299151 61492.98948
1299152 61492.989927
1299153 61492.990375
1299154 61492.990824
1299155 61492.991273
1299156 61492.991722
1299174 61492.999911
1299175 61493.00036
1299176 61493.000809
1299879 61493.989971
1302325 61497.980828
1302326 61497.981276
1302327 61497.981725
1302328 61497.982171
1302329 61497.982622
1302330 61497.983069
1302331 61497.983517
1302332 61497.983966
1302333 61497.984412
1302334 61497.984857
1302339 61497.987102
1302340 61497.98755
1302358 61497.995667
1302359 61497.996113
1304232 61499.9792
1307042 61502.99113
1307043 61502.991578
1307044 61502.992023
1307045 61502.992468
1307046 61502.992914
1307047 61502.993359
1307048 61502.993804
1307049 61502.994249
1307050 61502.994696
1309817 61505.985255
1309818 61505.985701
1309819 61505.986146
1309820 61505.986591
1309821 61505.987038
1309825 61505.988892
1309826 61505.989338
1309827 61505.989783
1309828 61505.990228
1309829 61505.990676
1309830 61505.991122
1309831 61505.991567
1309832 61505.992012
1383171 61606.42615
1383173 61606.427053
1383174 61606.427502
1383183 61606.431648
1383184 61606.432097
1383188 61606.433894
1383189 61606.434357
1383190 61606.434806
1383200 61606.439313
1383201 61606.439762
1383204 61606.441123
1383205 61606.441572
1400244 61627.423314
1400263 61627.432017
1400264 61627.432471
1400265 61627.432927
1400266 61627.433379
1400267 61627.433827
1400268 61627.434283
1400269 61627.434731
1400271 61627.435674
1400272 61627.436155
1426298 61689.370122
1426299 61689.370571
1429487 61693.381504
1429488 61693.381953
1431095 61695.361388
1431096 61695.36185
1431097 61695.362322
1431098 61695.362781
1431099 61695.36323
1431100 61695.363711
1431101 61695.364159
1431102 61695.364616
1431103 61695.365065
1431104 61695.365522
1431105 61695.36599
1431107 61695.366916
1431108 61695.36738
1431109 61695.367829
1431110 61695.368316
1431111 61695.368765
1464308 61752.042162
1464309 61752.04261
1464310 61752.043059
1464311 61752.043507
1464312 61752.04396
1464313 61752.044408
1464314 61752.044857
1464315 61752.045305
1464320 61752.04758
1464321 61752.048035
1464322 61752.048484
1464323 61752.048934
1469861 61760.047964
1469862 61760.048412
1469863 61760.048869
1469864 61760.049318
1469865 61760.049783
1469866 61760.050232
1469867 61760.050696
1469868 61760.051163
1469869 61760.051612
1469870 61760.052061
1469871 61760.052542
1469872 61760.05299
1469873 61760.053439
1469876 61760.054807
1469877 61760.055255
1469878 61760.055704
1478137 61774.056219
1478138 61774.056669
1478139 61774.057124
1482931 61781.04177
1482932 61781.042227
1482933 61781.042681
1482943 61781.047211
1482944 61781.04766
1482951 61781.050949
1482952 61781.051447
1482962 61781.056179
1482965 61781.057586
1485105 61784.046658
1485106 61784.047113
1489433 61790.051726
1489434 61790.052179
1489436 61790.053093
1489437 61790.05355
1489438 61790.054014
1489439 61790.054506
1489440 61790.054954
1489441 61790.055412
1490111 61791.039616
1490145 61791.055183
1490805 61792.033464
1490806 61792.033922
1490807 61792.034395
1490809 61792.035305
1490810 61792.035755
1490811 61792.036292
1490812 61792.036743
1490813 61792.037193
1490814 61792.037663
1490825 61792.042702
1490826 61792.043188
1490849 61792.053866
1490850 61792.054316
1490851 61792.054766
1507234 61816.028106
1507237 61816.029451
1507238 61816.029899
1507239 61816.030347
1507240 61816.030795
1507241 61816.031243
1507242 61816.031691
1507243 61816.03214
1507244 61816.032588
1507245 61816.033038
1507246 61816.033494
1507249 61816.034892
1507250 61816.035341
1507251 61816.03579
1507252 61816.036238
1507253 61816.036687
1508851 61818.031225
1508852 61818.031674
1508853 61818.032132
1508854 61818.032581
1508855 61818.03303
1508857 61818.03405
1508858 61818.034499
1508859 61818.034957
1508860 61818.035406
1508861 61818.035864
1508862 61818.036313
1508863 61818.036762
1508864 61818.03721
1508865 61818.037659
1508866 61818.038108
1509646 61819.032687
1510427 61820.025991
1510428 61820.026481
1510429 61820.02693
1510430 61820.027379
1510431 61820.027828
1510448 61820.035452
1510450 61820.036361
1513570 61824.01672
1513572 61824.017617
1513573 61824.018065
1513574 61824.018514
1513575 61824.018962
1513576 61824.01941
1513577 61824.019859
1513578 61824.020308
1513579 61824.020763
1513580 61824.021212
1513581 61824.02166
1513582 61824.022108
1513583 61824.022557
1513585 61824.023462
1513588 61824.024823
1513589 61824.025271
1513590 61824.02572
1513591 61824.026169
1513592 61824.026618
1513593 61824.027066
1513594 61824.027515
1513596 61824.028448
1513597 61824.028897
1513598 61824.029346
1513599 61824.029795
1513600 61824.030243
1513601 61824.030692
1513602 61824.031156
1513603 61824.031605
1513604 61824.032054
1516110 61827.02641
1516111 61827.026859
1516112 61827.027308
1516113 61827.027757
1516114 61827.028215
1516115 61827.028672
1516116 61827.029144
1517750 61829.021678
1521862 61834.013026
1525136 61838.007812
1526889 61840.004303
1526890 61840.004751
1526891 61840.0052
1526892 61840.005649
1526893 61840.006098
1526894 61840.006556
1529779 61843.996359
1529780 61843.996806
1529781 61843.997253
1529782 61843.997702
1529783 61843.998151
1529784 61843.9986
1529785 61843.999053
1529795 61844.003531
1529796 61844.003977
1529801 61844.006212
1529802 61844.006659
1529803 61844.007108
1529804 61844.007557
1529805 61844.008003
1544285 61861.980511
1544286 61861.98096
1544287 61861.981408
1544288 61861.981855
1544289 61861.982299
1544291 61861.983194
1544292 61861.983639
1544293 61861.984087
1544294 61861.984536
1544295 61861.984984
1544296 61861.985431
1547051 61864.98074
1547053 61864.981637
1547054 61864.982084
1547060 61864.984763
1547061 61864.985209
1547062 61864.985655
1547063 61864.986104
1547064 61864.986553
1547065 61864.987
1547066 61864.987445
1547067 61864.98789
1547069 61864.988784
1547955 61865.979514
1547956 61865.979959
1547957 61865.980424
1547960 61865.981781
1547961 61865.982231
1547962 61865.982679
1547964 61865.983572
1547965 61865.984019
1547966 61865.984466
1550349 61869.976797
1550350 61869.977245
1550351 61869.977692
1550352 61869.978138
1550353 61869.978587
1550354 61869.979032
1550355 61869.979478
1550356 61869.979926
1550357 61869.980372
1550358 61869.980817999996
1550359 61869.981269
1550360 61869.981717
1550362 61869.982681
1632518 62014.410024
1632519 62014.410692
1632520 62014.411363
1632521 62014.411846
1632522 62014.412296
1632524 62014.413258
1632525 62014.413708
1632526 62014.414158
1632528 62014.415078
1691317 62104.039679
1691318 62104.040125
1691319 62104.04057
1691320 62104.041016
1691321 62104.041465
1691322 62104.04191
1691323 62104.042357
1691324 62104.042805
1691325 62104.043254
1694237 62108.044118
1694238 62108.044566
1694239 62108.045013
1694240 62108.045461
1694241 62108.045908
1707744 62129.037543
1707745 62129.037992
1707746 62129.038447
1707747 62129.038896
1707748 62129.039345
1707749 62129.039804
1707750 62129.040253
1707751 62129.040702
1707752 62129.041151
1707753 62129.0416
1707755 62129.042547
1707756 62129.042995
1707757 62129.043444
1707758 62129.043893
1707759 62129.044342
1707760 62129.044791
1727990 62158.047768
1727991 62158.048223
1727992 62158.048672
1727993 62158.049121
1728000 62158.052288
1728001 62158.052737
1728002 62158.053186
1728003 62158.05364
1728004 62158.054107
1728005 62158.054559
1737783 62171.039704
1737784 62171.040152
1737785 62171.040601
1737786 62171.041085
1737787 62171.041534
1741616 62176.040009
1741617 62176.04048
1741618 62176.040928
1741619 62176.041376
1741620 62176.041826
1741621 62176.042274
1741622 62176.042732
1755953 62194.020601
1755954 62194.021065
1755955 62194.021519
1755956 62194.021973
1755957 62194.022436
1755958 62194.022897
1755959 62194.023351
1755960 62194.023799
1755961 62194.024248
1755962 62194.024706
1755963 62194.025159
1756806 62195.01431
1756807 62195.014758
1756808 62195.01521
1756815 62195.018449
1756816 62195.018906
1756817 62195.019355
1756818 62195.019804
1756819 62195.020263
1756820 62195.020727
1756821 62195.021186
1756822 62195.021634
1756827 62195.02391
1774489 62216.989187
1774490 62216.989633
1774492 62216.990527
1774493 62216.990974
1774494 62216.991423
1774495 62216.991871
1774501 62216.994549
1774502 62216.994995
1774503 62216.995443
1774504 62216.995892
1774505 62216.996339
1774506 62216.996784
1774508 62216.997682
1774509 62216.998131
1774530 62217.00752
1774531 62217.007967
1774532 62217.008416
1776265 62219.005176
1776266 62219.005625
1776267 62219.006077
1776268 62219.006526
1778070 62221.001156
1778071 62221.001604
1778072 62221.002058
1778073 62221.002506
1778074 62221.002955
1778075 62221.003402
1778076 62221.003847
1778947 62221.98804
1778948 62221.988489
1778954 62221.99117
1778955 62221.991618
1778956 62221.992067
1778957 62221.992514
1778959 62221.993434
1778960 62221.993881
1778961 62221.99433
1778962 62221.994779
1778963 62221.995226
1778964 62221.995674
1778965 62221.996149
1778966 62221.996598
1778967 62221.997047
1778968 62221.997501
1782614 62225.983329
1782615 62225.983778
1782625 62225.988249
1782626 62225.988696
1782627 62225.989144
1782628 62225.989593
1782646 62225.997722
1782647 62225.998171
1782648 62225.99862
1782649 62225.999067
1782650 62225.999512
1782651 62225.999957
1782653 62226.000851
1786408 62229.984507
1786409 62229.984956
1786410 62229.985405
1786411 62229.985854
1786412 62229.986301
1786413 62229.986746
1786414 62229.987191
1786416 62229.988085
1786417 62229.988531
1786418 62229.988977
1786419 62229.989425
1786420 62229.989874
1788286 62231.990062
1788287 62231.990507
1793890 62237.971972
1793891 62237.972418
1793894 62237.973759
1793897 62237.9751
1793898 62237.975548
1852901 62315.437675
1883374 62358.419471
1883375 62358.41992
1883376 62358.420369
1883377 62358.420817
1883379 62358.421725
1883380 62358.422174
1883381 62358.422622
1883382 62358.423071
1883383 62358.423519
1883384 62358.423968
1883385 62358.424417
1883386 62358.424865
1883387 62358.425319
1883389 62358.426241
1883390 62358.426689
1883391 62358.427138
1883392 62358.427587
1883393 62358.428036
1883394 62358.428485
1883395 62358.428933
1883396 62358.429382
1883397 62358.429837
1883398 62358.430293
1883399 62358.430743
1883400 62358.431191
1883401 62358.43164
1883402 62358.432089
1883404 62358.432986
1883405 62358.433435
1883406 62358.433891
1883407 62358.434339
1883408 62358.434788
1883409 62358.435237
1955434 62467.035859
1955435 62467.036308
1955436 62467.036756
1958252 62474.031047
1958253 62474.031494
1958254 62474.031942
1958255 62474.032389
1961432 62479.039413
1961433 62479.03987
1968981 62490.046109
1968982 62490.046558
1968983 62490.047013
1968984 62490.047462
1968985 62490.047911
1968986 62490.048359
1968989 62490.049758
1968990 62490.050206
1968991 62490.050655
1968992 62490.051104
1968993 62490.051553
1968994 62490.052002
1968995 62490.052451
1969691 62491.037085
1969693 62491.037984
1969694 62491.038433
1969695 62491.038882
1969696 62491.039347
1969697 62491.039805
1969698 62491.040254
1969699 62491.040703
1969700 62491.041152
1969701 62491.0416
1969702 62491.042065
1969703 62491.042513
1969704 62491.042969
1969705 62491.043417
1969706 62491.043866
1969707 62491.044314
1969708 62491.044763
1969709 62491.045218
1969713 62491.04705
1979392 62505.042604
1979393 62505.043053
1979394 62505.043502
1979395 62505.043951
1979396 62505.044399
1979397 62505.044848
1979398 62505.045336
1979399 62505.045785
1979400 62505.046233
1979401 62505.046682
1980107 62506.051593
1980108 62506.052048
1980109 62506.052504
1980110 62506.052969
1980111 62506.053418
1982253 62509.05707
1982255 62509.05798
1989954 62520.033739
1989990 62520.049969
1990003 62520.055845
1993014 62524.041978
1993015 62524.042427
1993029 62524.049133
1993035 62524.05185
1995227 62527.050123
1995228 62527.050603
1996646 62529.0349
1996672 62529.046764
2006469 62542.027634
2006470 62542.028083
2006471 62542.028583
2006472 62542.029041
2006473 62542.029514
2006474 62542.029962
2006475 62542.030411
2006476 62542.03086
2008063 62544.039523
2008065 62544.040429
2008066 62544.040879
2008067 62544.041375
2008068 62544.041824
2020589 62560.023476
2020590 62560.023923
2020591 62560.024372
2020592 62560.02482
2020593 62560.025267
2029605 62572.007
2029606 62572.007448
2029607 62572.007897
2029618 62572.012802
2029619 62572.013249
2029620 62572.013697
2030440 62573.009124
2039254 62583.987674
2039255 62583.988123
2039256 62583.988572
2040179 62584.986817
2040189 62584.991286
2040190 62584.991732
2040191 62584.992181
2040192 62584.99263
2040193 62584.993077
2040194 62584.993522
2040200 62584.996201
2040201 62584.996648
2040202 62584.997097
2040203 62584.997545
2040213 62585.002014
2040214 62585.002463
2045222 62593.980157
2045223 62593.980606
2045224 62593.981054
2045225 62593.981502
2045226 62593.98195
2045227 62593.982395
2045228 62593.982844
2045229 62593.983289
2045230 62593.983734
2045231 62593.98418
2045232 62593.984629
2045233 62593.985078
2045234 62593.985527
2045254 62593.994521
2045255 62593.994967
2045261 62593.997648
2045262 62593.998093
2045263 62593.99854
2047100 62595.978979
2055941 62605.96992
2055942 62605.970366
2055943 62605.970813
2055944 62605.971262
2055973 62605.984212
2055974 62605.984657
2055975 62605.985105
2056963 62606.982195
2056964 62606.98264
2056965 62606.983088
2056968 62606.984453
2056969 62606.984899
2122287 62712.424227
2122288 62712.424675
2122289 62712.425124
2122290 62712.425585
2122291 62712.426033
2122292 62712.426481
2122297 62712.428737
2122298 62712.429185
2122302 62712.430992
2122303 62712.43144
2122307 62712.433261
2122308 62712.43371
2122309 62712.434158
2122310 62712.434617
2122311 62712.435077
2122312 62712.435544
2122313 62712.436002
2122314 62712.436457
2122315 62712.436906
2122316 62712.437363
2122320 62712.4392
2122321 62712.439649
2122322 62712.440126
2122323 62712.440575
2122324 62712.441024
2122325 62712.441473
2140659 62740.413124
2140673 62740.419422
2140674 62740.419872
2140675 62740.420322
2140676 62740.420772
2140677 62740.421255
2140678 62740.421705
2144488 62744.405763
2144489 62744.406212
2144506 62744.413865
2144507 62744.414314
2144508 62744.414764
2144517 62744.418818
2145922 62746.405799
2190861 62808.35235
2200525 62830.038888
2211695 62851.036532
2211696 62851.036981
2211697 62851.03743
2211698 62851.037879
2211699 62851.038328
2211700 62851.038777
2211710 62851.0433
2211711 62851.043749
2211712 62851.044198
2211713 62851.044647
2211714 62851.045096
2211715 62851.045546
2213110 62853.051353
2215776 62858.034845
2215777 62858.035294
2215778 62858.035743
2215779 62858.036192
2215780 62858.036641
2215781 62858.037089
2215782 62858.037545
2215783 62858.037993
2215784 62858.038441
2216514 62859.041427
2216515 62859.041876
2216516 62859.042325
2216517 62859.042774
2216518 62859.043223
2216519 62859.043672
2216522 62859.045045
2217228 62860.040386
2217229 62860.040835
2217233 62860.042643
2217234 62860.043111
2217235 62860.043559
2217236 62860.044018
2217237 62860.044474
2217238 62860.044933
2217239 62860.045381
2217241 62860.046348
2217242 62860.046797
2217243 62860.047246
2217244 62860.047695
2217245 62860.048144
2217246 62860.048593
2217247 62860.049042
2218248 62863.051633
2225821 62874.049442
2225823 62874.050402
2225835 62874.055889
2225836 62874.056349
2225837 62874.056799
2225838 62874.057327
2225839 62874.057845
2225840 62874.058301
2228032 62880.057069
2228033 62880.057546
2243599 62910.031989
2244358 62911.023239
2245151 62912.023881
2245152 62912.02433
2245153 62912.024788
2245154 62912.025237
2245155 62912.025686
2245920 62913.019118
2245927 62913.022277
2245929 62913.023173
2245930 62913.023622
2245931 62913.024089
2245932 62913.024537
2245933 62913.024991
2245934 62913.025448
2245935 62913.025915
2245938 62913.02733
2246572 62914.023818
2246573 62914.024274
2246574 62914.024723
2246575 62914.025171
2246578 62914.026527
2246580 62914.027431
2246581 62914.027897
2246582 62914.028346
2246583 62914.028795
2246584 62914.029244
2246587 62914.030652
2246588 62914.031101
2246589 62914.03155
2246590 62914.031999
2246591 62914.032448
2261979 62937.005426
2261980 62937.005873
2261981 62937.006322
2261982 62937.00677
2261983 62937.007217
2261986 62937.008558
2261990 62937.010347
2261994 62937.01213
2261995 62937.012577
2261996 62937.013026
2261997 62937.013475
2261998 62937.013922
2263722 62938.998772
2263723 62938.999221
2263740 62939.006845
2263741 62939.007294
2263742 62939.007743
2264602 62940.007406
2265463 62941.001971
2265464 62941.002418
2265465 62941.002864
2265466 62941.003313
2265467 62941.003762
2265472 62941.005997
2265473 62941.006444
2265474 62941.00689
2265475 62941.007339
2265476 62941.007785
2265478 62941.008686
2265479 62941.009134
2265480 62941.009583
2265481 62941.010032
2265482 62941.010481
2265484 62941.011385
2266350 62942.013387
2267187 62942.99441
2267188 62942.994859
2267198 62942.999337
2267199 62942.999786
2267219 62943.008744
2268020 62944.99402
2268021 62944.994469
2268027 62944.997148
2268028 62944.997595
2268029 62944.998044
2268030 62944.998492
2268031 62944.998946
2268032 62944.999391
2268035 62945.000731
2268036 62945.001177
2268037 62945.001625
2268038 62945.002074
2268039 62945.002523
2268040 62945.002972
2268041 62945.003421
2269790 62946.993182
2269791 62946.993629
2269792 62946.994077
2269793 62946.994526
2269794 62946.994973
2269795 62946.995418
2270702 62947.988742
2270703 62947.989191
2270704 62947.98964
2270705 62947.990087
2270706 62947.990535
2270707 62947.990983
2270708 62947.99143
2270709 62947.991884
2270710 62947.992333
2270711 62947.992782
2270712 62947.993231
2270713 62947.99368
2270726 62947.999546
2270727 62947.999995
2270728 62948.000444
2270729 62948.000893
2270730 62948.001341
2270731 62948.001789
2270732 62948.002238
2270733 62948.002687
2270734 62948.003136
2270735 62948.003583
2270736 62948.004032
2270737 62948.004481
2270738 62948.004934
2270739 62948.005384
2270740 62948.005833
2270741 62948.006281
2270742 62948.006728
2270744 62948.00762
2270745 62948.008065
2273418 62951.003409
2273419 62951.003858
2273420 62951.004307
2284223 62962.989405
2284224 62962.989854
2284225 62962.9903
2284226 62962.990745
2284227 62962.991191
2284228 62962.991638
2284229 62962.992087
2284233 62962.99387
2284234 62962.994315
2284235 62962.994762
2284236 62962.995207
2286112 62964.976887
2286113 62964.977336
2286114 62964.977781
2286115 62964.97823
2286116 62964.978676
2286120 62964.980462
2286145 62964.991706
2355034 63080.423882
2432155 63204.034317
2432156 63204.034766
2432157 63204.035223
2432158 63204.035672
2432159 63204.03612
2432160 63204.036566
2432161 63204.037015
2441124 63219.051626
2441125 63219.052075
2441126 63219.052524
2441127 63219.052973
2441128 63219.053422
2441129 63219.053871
2441130 63219.054319
2441774 63220.038152
2441778 63220.039956
2441786 63220.043823
2441787 63220.044272
2441788 63220.044721
2441789 63220.04517
2441790 63220.045619
2441791 63220.046068
2441792 63220.046517
2447265 63229.056724
2447266 63229.057173
2447267 63229.057622
2447268 63229.058071
