obsHistID expMJD
2146679 62747.315837
2146680 62747.316253
2146681 62747.31667
2146682 62747.317087
2146683 62747.317503
2146684 62747.31792
2146685 62747.318337
2146686 62747.318753
2146687 62747.31917
2146688 62747.319587
2146689 62747.320003
2146690 62747.32042
2146691 62747.320837
2146692 62747.321253
2146693 62747.32167
2146694 62747.322087
2146695 62747.322503
2146696 62747.32292
2146697 62747.323337
2146698 62747.323753
2148275 62750.273917
2148276 62750.274334
2148277 62750.27475
2148278 62750.275167
2148279 62750.275584
2148280 62750.276
2148281 62750.276417
2148282 62750.276834
2148283 62750.27725
2148284 62750.277667
2148285 62750.278084
2148286 62750.2785
2148287 62750.278917
2148288 62750.279334
2148289 62750.27975
2148290 62750.280167
2148291 62750.280584
2148292 62750.281
2148293 62750.281417
2148294 62750.281834
2151169 62753.300302
2151170 62753.300718
2151171 62753.301135
2151172 62753.301552
2151173 62753.301968
2151174 62753.302385
2151175 62753.302802
2151176 62753.303218
2151177 62753.303635
2151178 62753.304052
2151179 62753.304468
2151180 62753.304885
2151181 62753.305302
2151182 62753.305718
2151183 62753.306135
2151184 62753.306552
2151185 62753.306968
2151186 62753.307385
2151187 62753.307802
2151188 62753.308218
2158824 62762.262921
2158825 62762.263337
2158826 62762.263754
2158827 62762.264171
2158828 62762.264587
2158829 62762.265004
2158830 62762.265421
2158831 62762.265837
2158832 62762.266254
2158833 62762.266671
2158834 62762.267087
2158835 62762.267504
2158836 62762.267921
2158837 62762.268337
2158838 62762.268754
2158839 62762.269171
2158840 62762.269587
2158841 62762.270004
2158842 62762.270421
2158843 62762.270837
2161482 62765.25819
2161483 62765.258607
2161484 62765.259024
2161485 62765.25944
2161486 62765.259857
2161487 62765.260274
2161488 62765.26069
2161489 62765.261107
2161490 62765.261524
2161491 62765.26194
2161492 62765.262357
2161493 62765.262774
2161494 62765.26319
2161495 62765.263607
2161496 62765.264024
2161497 62765.26444
2161498 62765.264857
2161499 62765.265274
2161500 62765.26569
2161501 62765.266107
2169878 62777.226179
2169879 62777.226596
2169880 62777.227012
2169881 62777.227429
2169882 62777.227846
2169883 62777.228262
2169884 62777.228679
2169885 62777.229096
2169886 62777.229512
2169887 62777.229929
2169888 62777.230346
2169889 62777.230762
2169890 62777.231179
2169891 62777.231596
2169892 62777.232012
2169893 62777.232429
2169894 62777.232846
2169895 62777.233262
2169896 62777.233679
2169897 62777.234096
2178710 62790.230169
2178711 62790.230585
2178712 62790.231002
2178713 62790.231419
2178714 62790.231835
2178715 62790.232252
2178716 62790.232669
2178717 62790.233085
2178718 62790.233502
2178719 62790.233919
2178720 62790.234335
2178721 62790.234752
2178722 62790.235169
2178723 62790.235585
2178724 62790.236002
2178725 62790.236419
2178726 62790.236835
2178727 62790.237252
2178728 62790.237669
2178729 62790.238085
2181012 62793.15391
2181013 62793.154327
2181014 62793.154744
2181015 62793.15516
2181016 62793.155577
2181017 62793.155994
2181018 62793.15641
2181019 62793.156827
2181020 62793.157244
2181021 62793.15766
2181022 62793.158077
2181023 62793.158494
2181024 62793.15891
2181025 62793.159327
2181026 62793.159744
2181027 62793.16016
2181028 62793.160577
2181029 62793.160994
2181030 62793.16141
2181031 62793.161827
2183224 62796.14207
2183225 62796.142486
2183226 62796.142903
2183227 62796.14332
2183228 62796.143736
2183229 62796.144153
2183230 62796.14457
2183231 62796.144986
2183232 62796.145403
2183233 62796.14582
2183234 62796.146236
2183235 62796.146653
2183236 62796.14707
2183237 62796.147486
2183238 62796.147903
2183239 62796.14832
2183240 62796.148736
2183241 62796.149153
2183242 62796.14957
2183243 62796.149986
2190841 62808.343647
2190842 62808.344064
2190843 62808.344481
2190844 62808.344897
2190845 62808.345314
2190846 62808.345731
2190847 62808.346147
2190848 62808.346564
2190849 62808.346981
2190850 62808.347397
2190851 62808.347814
2190852 62808.348231
2190853 62808.348647
2190854 62808.349064
2190855 62808.349481
2190856 62808.349897
2190857 62808.350314
2190858 62808.350731
2190859 62808.351147
2190860 62808.351564
2191435 62812.316218
2191436 62812.316635
2191437 62812.317052
2191438 62812.317468
2191439 62812.317885
2191440 62812.318302
2191441 62812.318718
2191442 62812.319135
2191443 62812.319552
2191444 62812.319968
2191445 62812.320385
2191446 62812.320802
2191447 62812.321218
2191448 62812.321635
2191449 62812.322052
2191450 62812.322468
2191451 62812.322885
2191452 62812.323302
2191453 62812.323718
2191454 62812.324135
2194929 62819.119087
2194930 62819.119504
2194931 62819.119921
2194932 62819.120337
2194933 62819.120754
2194934 62819.121171
2194935 62819.121587
2194936 62819.122004
2194937 62819.122421
2194938 62819.122837
2194939 62819.123254
2194940 62819.123671
2194941 62819.124087
2194942 62819.124504
2194943 62819.124921
2194944 62819.125337
2194945 62819.125754
2194946 62819.126171
2194947 62819.126587
2194948 62819.127004
2196748 62822.119262
2196749 62822.119679
2196750 62822.120095
2196751 62822.120512
2196752 62822.120929
2196753 62822.121345
2196754 62822.121762
2196755 62822.122179
2196756 62822.122595
2196757 62822.123012
2196758 62822.123429
2196759 62822.123845
2196760 62822.124262
2196761 62822.124679
2196762 62822.125095
2196763 62822.125512
2196764 62822.125929
2196765 62822.126345
2196766 62822.126762
2196767 62822.127179
2198053 62825.125423
2198054 62825.12584
2203854 62835.093495
2203855 62835.093912
2203856 62835.094329
2203857 62835.094745
2203858 62835.095162
2203859 62835.095579
2203860 62835.095995
2203861 62835.096412
2203862 62835.096829
2203863 62835.097245
2203864 62835.097662
2203865 62835.098079
2203866 62835.098495
2203867 62835.098912
2203868 62835.099329
2203869 62835.099745
2203870 62835.100162
2203871 62835.100579
2203872 62835.100995
2203873 62835.101412
2205576 62838.087695
2205577 62838.088111
2205578 62838.088528
2205579 62838.088945
2205580 62838.089361
2205581 62838.089778
2205582 62838.090195
2205583 62838.090611
2205584 62838.091028
2205585 62838.091445
2205586 62838.091861
2205587 62838.092278
2205588 62838.092695
2205589 62838.093111
2205590 62838.093528
2205591 62838.093945
2205592 62838.094361
2205593 62838.094778
2205594 62838.095195
2205595 62838.095611
2211118 62850.094229
2211119 62850.094645
2211120 62850.095062
2211121 62850.095479
2211122 62850.095895
2211123 62850.096312
2211124 62850.096729
2211125 62850.097145
2211126 62850.097562
2211127 62850.097979
2211128 62850.098395
2211129 62850.098812
2211130 62850.099229
2211131 62850.099645
2211132 62850.100062
2211133 62850.100479
2211134 62850.100895
2211135 62850.101312
2211136 62850.101729
2211137 62850.102145
2213304 62853.148274
2213305 62853.14869
2213306 62853.149107
2213307 62853.149524
2213308 62853.14994
2213309 62853.150357
2213310 62853.150774
2213311 62853.15119
2213312 62853.151607
2213313 62853.152024
2213314 62853.15244
2213315 62853.152857
2213316 62853.153274
2213317 62853.15369
2213318 62853.154107
2213319 62853.154524
2213320 62853.15494
2213321 62853.155357
2213322 62853.155774
2213323 62853.15619
2215314 62856.144044
2215315 62856.144461
2215316 62856.144878
2215317 62856.145294
2215318 62856.145711
2215319 62856.146128
2215320 62856.146544
2215321 62856.146961
2215322 62856.147378
2215323 62856.147794
2215324 62856.148211
2215325 62856.148628
2215326 62856.149044
2215327 62856.149461
2215328 62856.149878
2215329 62856.150294
2215330 62856.150711
2215331 62856.151128
2215332 62856.151544
2215333 62856.151961
2219773 62865.163575
2219774 62865.163991
2219775 62865.164408
2219776 62865.164825
2219777 62865.165241
2219778 62865.165658
2219779 62865.166075
2219780 62865.166491
2219781 62865.166908
2219782 62865.167325
2219783 62865.167741
2219784 62865.168158
2219785 62865.168575
2219786 62865.168991
2219787 62865.169408
2219788 62865.169825
2219789 62865.170241
2219790 62865.170658
2219791 62865.171075
2219792 62865.171491
