obsHistID expMJD
427550 60192.304253
427551 60192.30467
427552 60192.305086
427553 60192.305503
427554 60192.30592
427555 60192.306336
427556 60192.306753
427557 60192.30717
427558 60192.307586
427559 60192.308003
427560 60192.30842
427561 60192.308836
427562 60192.309253
427563 60192.30967
427564 60192.310086
427565 60192.310503
427566 60192.31092
427567 60192.311336
427568 60192.311753
427569 60192.31217
429162 60195.245592
429163 60195.246009
429164 60195.246426
429165 60195.246842
429166 60195.247259
429167 60195.247676
429168 60195.248092
429169 60195.248509
429170 60195.248926
429171 60195.249342
429172 60195.249759
429173 60195.250176
429174 60195.250592
429175 60195.251009
429176 60195.251426
429177 60195.251842
429178 60195.252259
429179 60195.252676
429180 60195.253092
429181 60195.253509
439150 60209.239392
439151 60209.239809
439152 60209.240226
439153 60209.240642
439154 60209.241059
439155 60209.241476
439156 60209.241892
439157 60209.242309
439158 60209.242726
439159 60209.243142
439160 60209.243559
439161 60209.243976
439162 60209.244392
439163 60209.244809
439164 60209.245226
439165 60209.245642
439166 60209.246059
439167 60209.246476
439168 60209.246892
439169 60209.247309
441825 60212.225993
441826 60212.226409
441827 60212.226826
441828 60212.227243
441829 60212.227659
441830 60212.228076
441831 60212.228493
441832 60212.228909
441833 60212.229326
441834 60212.229743
441835 60212.230159
441836 60212.230576
441837 60212.230993
441838 60212.231409
441839 60212.231826
441840 60212.232243
441841 60212.232659
441842 60212.233076
441843 60212.233493
441844 60212.233909
447556 60223.206083
447557 60223.206499
447558 60223.206916
447559 60223.207333
447560 60223.207749
447561 60223.208166
447562 60223.208583
447563 60223.208999
447564 60223.209416
447565 60223.209833
447566 60223.210249
447567 60223.210666
447568 60223.211083
447569 60223.211499
447570 60223.211916
447571 60223.212333
447572 60223.212749
447573 60223.213166
447574 60223.213583
447575 60223.213999
449266 60226.283348
449267 60226.283764
449268 60226.284181
449269 60226.284598
449270 60226.285014
449271 60226.285431
449272 60226.285848
449273 60226.286264
449274 60226.286681
449275 60226.287098
449276 60226.287514
449277 60226.287931
449278 60226.302237
449279 60226.303249
449280 60226.30369
449281 60226.304121
449282 60226.304551
449283 60226.304981
449284 60226.305411
449285 60226.305841
455367 60238.283919
455368 60238.284336
455369 60238.284752
455370 60238.285169
455371 60238.285586
455372 60238.286002
455373 60238.286419
455374 60238.286836
455375 60238.287252
455376 60238.287669
455377 60238.288086
455378 60238.288502
455379 60238.288919
455380 60238.289336
455381 60238.289752
455382 60238.290169
455383 60238.290586
455384 60238.291002
455385 60238.291419
455386 60238.291836
457531 60241.145501
457532 60241.145918
457533 60241.146335
457534 60241.146751
457535 60241.147168
457536 60241.147585
457537 60241.148001
457538 60241.148418
457539 60241.148835
457540 60241.149251
457541 60241.149668
457542 60241.150085
457543 60241.150501
457544 60241.150918
457545 60241.151335
457546 60241.151751
457547 60241.152168
457548 60241.152585
457549 60241.153001
457550 60241.153418
470428 60267.055579
470429 60267.055995
470430 60267.056412
470431 60267.056829
470432 60267.057245
470433 60267.057662
470434 60267.058079
470435 60267.058495
470436 60267.058912
470437 60267.059329
470438 60267.059745
470439 60267.060162
470440 60267.060579
470441 60267.060995
470442 60267.061412
470443 60267.061829
470444 60267.062245
470445 60267.062662
470446 60267.063079
470447 60267.063495
472774 60270.119465
472775 60270.119882
472776 60270.120298
472777 60270.120715
472778 60270.121132
472779 60270.121548
472780 60270.121965
472781 60270.122382
472782 60270.122798
472783 60270.123215
472784 60270.123632
472785 60270.124048
472786 60270.124465
472787 60270.124882
472788 60270.125298
472789 60270.125715
472790 60270.126132
472791 60270.126548
472792 60270.126965
472793 60270.127382
478581 60278.063725
478582 60278.064141
478583 60278.064558
478584 60278.064975
478585 60278.065391
478586 60278.065808
478587 60278.066225
478588 60278.066641
478589 60278.067058
478590 60278.067475
478591 60278.067891
478592 60278.068308
478593 60278.068725
478594 60278.069141
478595 60278.069558
478596 60278.069975
478597 60278.070391
478598 60278.070808
478599 60278.071225
478600 60278.071641
480713 60281.066502
480714 60281.066919
480715 60281.067335
480716 60281.067752
480717 60281.068169
480718 60281.068585
480719 60281.069002
480720 60281.069419
480721 60281.069835
480722 60281.070252
480723 60281.070669
480724 60281.071085
480725 60281.071502
480726 60281.071919
480727 60281.072335
480728 60281.072752
480729 60281.073169
480730 60281.073585
480731 60281.074002
480732 60281.074419
482843 60284.066967
482844 60284.067384
482845 60284.067801
482846 60284.068217
482847 60284.068634
482848 60284.069051
482849 60284.069467
482850 60284.069884
482851 60284.070301
482852 60284.070717
482853 60284.071134
482854 60284.071551
482855 60284.071967
482856 60284.072384
482857 60284.072801
482858 60284.073217
482859 60284.073634
482860 60284.074051
482861 60284.074467
482862 60284.074884
484596 60287.068938
484597 60287.069355
484598 60287.069772
484599 60287.070188
484600 60287.070605
484601 60287.071022
484602 60287.071438
484603 60287.071855
484604 60287.072272
484605 60287.072688
484606 60287.073105
484607 60287.073522
484608 60287.073938
484609 60287.074355
484610 60287.074772
484611 60287.075188
484612 60287.075605
484613 60287.076022
484614 60287.076438
484615 60287.076855
490030 60297.128179
490031 60297.128596
490032 60297.129013
490033 60297.129429
490034 60297.129846
490035 60297.130263
490036 60297.130679
490037 60297.131096
490038 60297.131513
490039 60297.131929
490040 60297.132346
490041 60297.132763
490042 60297.133179
490043 60297.133596
490044 60297.134013
490045 60297.134429
490046 60297.134846
490047 60297.135263
490048 60297.135679
490049 60297.136096
490608 60300.075322
490609 60300.075739
490610 60300.076155
490611 60300.076572
490612 60300.076989
490613 60300.077405
490614 60300.077822
490615 60300.078239
490616 60300.078655
490617 60300.079072
490618 60300.079489
490619 60300.079905
490620 60300.080322
490621 60300.080739
490622 60300.081155
490623 60300.081572
490624 60300.081989
490625 60300.082405
490626 60300.082822
490627 60300.083239
