obsHistID expMJD
2146653 62747.303638
2146654 62747.304054
2146655 62747.304471
2146656 62747.304888
2146657 62747.305304
2146658 62747.305721
2146659 62747.306138
2146660 62747.306554
2146661 62747.306971
2146662 62747.307388
2146663 62747.307804
2146664 62747.308221
2146665 62747.308638
2146666 62747.309054
2146667 62747.309471
2146668 62747.309888
2146669 62747.310304
2146670 62747.310721
2146671 62747.311138
2146672 62747.311554
2146673 62747.311971
2146674 62747.312388
2146675 62747.312804
2146676 62747.313221
2146677 62747.313638
2146678 62747.314054
2148249 62750.261718
2148250 62750.262135
2148251 62750.262551
2148252 62750.262968
2148253 62750.263385
2148254 62750.263801
2148255 62750.264218
2148256 62750.264635
2148257 62750.265051
2148258 62750.265468
2148259 62750.265885
2148260 62750.266301
2148261 62750.266718
2148262 62750.267135
2148263 62750.267551
2148264 62750.267968
2148265 62750.268385
2148266 62750.268801
2148267 62750.269218
2148268 62750.269635
2148269 62750.270051
2148270 62750.270468
2148271 62750.270885
2148272 62750.271301
2148273 62750.271718
2148274 62750.272135
2151143 62753.288103
2151144 62753.288519
2151145 62753.288936
2151146 62753.289353
2151147 62753.289769
2151148 62753.290186
2151149 62753.290603
2151150 62753.291019
2151151 62753.291436
2151152 62753.291853
2151153 62753.292269
2151154 62753.292686
2151155 62753.293103
2151156 62753.293519
2151157 62753.293936
2151158 62753.294353
2151159 62753.294769
2151160 62753.295186
2151161 62753.295603
2151162 62753.296019
2151163 62753.296436
2151164 62753.296853
2151165 62753.297269
2151166 62753.297686
2151167 62753.298103
2151168 62753.298519
2158798 62762.250721
2158799 62762.251138
2158800 62762.251555
2158801 62762.251971
2158802 62762.252388
2158803 62762.252805
2158804 62762.253221
2158805 62762.253638
2158806 62762.254055
2158807 62762.254471
2158808 62762.254888
2158809 62762.255305
2158810 62762.255721
2158811 62762.256138
2158812 62762.256555
2158813 62762.256971
2158814 62762.257388
2158815 62762.257805
2158816 62762.258221
2158817 62762.258638
2158818 62762.259055
2158819 62762.259471
2158820 62762.259888
2158821 62762.260305
2158822 62762.260721
2158823 62762.261138
2161456 62765.245991
2161457 62765.246408
2161458 62765.246825
2161459 62765.247241
2161460 62765.247658
2161461 62765.248075
2161462 62765.248491
2161463 62765.248908
2161464 62765.249325
2161465 62765.249741
2161466 62765.250158
2161467 62765.250575
2161468 62765.250991
2161469 62765.251408
2161470 62765.251825
2161471 62765.252241
2161472 62765.252658
2161473 62765.253075
2161474 62765.253491
2161475 62765.253908
2161476 62765.254325
2161477 62765.254741
2161478 62765.255158
2161479 62765.255575
2161480 62765.255991
2161481 62765.256408
2169852 62777.21398
2169853 62777.214397
2169854 62777.214813
2169855 62777.21523
2169856 62777.215647
2169857 62777.216063
2169858 62777.21648
2169859 62777.216897
2169860 62777.217313
2169861 62777.21773
2169862 62777.218147
2169863 62777.218563
2169864 62777.21898
2169865 62777.219397
2169866 62777.219813
2169867 62777.22023
2169868 62777.220647
2169869 62777.221063
2169870 62777.22148
2169871 62777.221897
2169872 62777.222313
2169873 62777.22273
2169874 62777.223147
2169875 62777.223563
2169876 62777.22398
2169877 62777.224397
2178684 62790.21797
2178685 62790.218386
2178686 62790.218803
2178687 62790.21922
2178688 62790.219636
2178689 62790.220053
2178690 62790.22047
2178691 62790.220886
2178692 62790.221303
2178693 62790.22172
2178694 62790.222136
2178695 62790.222553
2178696 62790.22297
2178697 62790.223386
2178698 62790.223803
2178699 62790.22422
2178700 62790.224636
2178701 62790.225053
2178702 62790.22547
2178703 62790.225886
2178704 62790.226303
2178705 62790.22672
2178706 62790.227136
2178707 62790.227553
2178708 62790.22797
2178709 62790.228386
2180986 62793.141711
2180987 62793.142128
2180988 62793.142545
2180989 62793.142961
2180990 62793.143378
2180991 62793.143795
2180992 62793.144211
2180993 62793.144628
2180994 62793.145045
2180995 62793.145461
2180996 62793.145878
2180997 62793.146295
2180998 62793.146711
2180999 62793.147128
2181000 62793.147545
2181001 62793.147961
2181002 62793.148378
2181003 62793.148795
2181004 62793.149211
2181005 62793.149628
2181006 62793.150045
2181007 62793.150461
2181008 62793.150878
2181009 62793.151295
2181010 62793.151711
2181011 62793.152128
2183198 62796.129871
2183199 62796.130287
2183200 62796.130704
2183201 62796.131121
2183202 62796.131537
2183203 62796.131954
2183204 62796.132371
2183205 62796.132787
2183206 62796.133204
2183207 62796.133621
2183208 62796.134037
2183209 62796.134454
2183210 62796.134871
2183211 62796.135287
2183212 62796.135704
2183213 62796.136121
2183214 62796.136537
2183215 62796.136954
2183216 62796.137371
2183217 62796.137787
2183218 62796.138204
2183219 62796.138621
2183220 62796.139037
2183221 62796.139454
2183222 62796.139871
2183223 62796.140287
2190815 62808.331448
2190816 62808.331865
2190817 62808.332281
2190818 62808.332698
2190819 62808.333115
2190820 62808.333531
2190821 62808.333948
2190822 62808.334365
2190823 62808.334781
2190824 62808.335198
2190825 62808.335615
2190826 62808.336031
2190827 62808.336448
2190828 62808.336865
2190829 62808.337281
2190830 62808.337698
2190831 62808.338115
2190832 62808.338531
2190833 62808.338948
2190834 62808.339365
2190835 62808.339781
2190836 62808.340198
2190837 62808.340615
2190838 62808.341031
2190839 62808.341448
2190840 62808.341865
2191409 62812.304019
2191410 62812.304436
2191411 62812.304852
2191412 62812.305269
2191413 62812.305686
2191414 62812.306102
2191415 62812.306519
2191416 62812.306936
2191417 62812.307352
2191418 62812.307769
2191419 62812.308186
2191420 62812.308602
2191421 62812.309019
2191422 62812.309436
2191423 62812.309852
2191424 62812.310269
2191425 62812.310686
2191426 62812.311102
2191427 62812.311519
2191428 62812.311936
2191429 62812.312352
2191430 62812.312769
2191431 62812.313186
2191432 62812.313602
2191433 62812.314019
2191434 62812.314436
2194903 62819.106888
2194904 62819.107305
2194905 62819.107722
2194906 62819.108138
2194907 62819.108555
2194908 62819.108972
2194909 62819.109388
2194910 62819.109805
2194911 62819.110222
2194912 62819.110638
2194913 62819.111055
2194914 62819.111472
2194915 62819.111888
2194916 62819.112305
2194917 62819.112722
2194918 62819.113138
2194919 62819.113555
2194920 62819.113972
2194921 62819.114388
2194922 62819.114805
2194923 62819.115222
2194924 62819.115638
2194925 62819.116055
2194926 62819.116472
2194927 62819.116888
2194928 62819.117305
2196722 62822.107063
2196723 62822.10748
2196724 62822.107896
2196725 62822.108313
2196726 62822.10873
2196727 62822.109146
2196728 62822.109563
2196729 62822.10998
2196730 62822.110396
2196731 62822.110813
2196732 62822.11123
2196733 62822.111646
2196734 62822.112063
2196735 62822.11248
2196736 62822.112896
2196737 62822.113313
2196738 62822.11373
2196739 62822.114146
2196740 62822.114563
2196741 62822.11498
2196742 62822.115396
2196743 62822.115813
2196744 62822.11623
2196745 62822.116646
2196746 62822.117063
2196747 62822.11748
2198027 62825.113224
2198028 62825.113641
2198029 62825.114057
2198030 62825.114474
2198031 62825.114891
2198032 62825.115307
2198033 62825.115724
2198034 62825.116141
2198035 62825.116557
2198036 62825.116974
2198037 62825.117391
2198038 62825.117807
2198039 62825.118224
2198040 62825.118641
2198041 62825.119057
2198042 62825.119474
2198043 62825.119891
2198044 62825.120307
2198045 62825.120724
2198046 62825.121141
2198047 62825.121557
2198048 62825.121974
2198049 62825.122391
2198050 62825.122807
2198051 62825.123224
2198052 62825.123641
2203828 62835.081296
2203829 62835.081713
2203830 62835.082129
2203831 62835.082546
2203832 62835.082963
2203833 62835.083379
2203834 62835.083796
2203835 62835.084213
2203836 62835.084629
2203837 62835.085046
2203838 62835.085463
2203839 62835.085879
2203840 62835.086296
2203841 62835.086713
2203842 62835.087129
2203843 62835.087546
2203844 62835.087963
2203845 62835.088379
2203846 62835.088796
2203847 62835.089213
2203848 62835.089629
2203849 62835.090046
2203850 62835.090463
2203851 62835.090879
2203852 62835.091296
2203853 62835.091713
2205550 62838.075496
2205551 62838.075912
2205552 62838.076329
2205553 62838.076746
2205554 62838.077162
2205555 62838.077579
2205556 62838.077996
2205557 62838.078412
2205558 62838.078829
2205559 62838.079246
2205560 62838.079662
2205561 62838.080079
2205562 62838.080496
2205563 62838.080912
2205564 62838.081329
2205565 62838.081746
2205566 62838.082162
2205567 62838.082579
2205568 62838.082996
2205569 62838.083412
2205570 62838.083829
2205571 62838.084246
2205572 62838.084662
2205573 62838.085079
2205574 62838.085496
2205575 62838.085912
2211092 62850.08203
2211093 62850.082446
2211094 62850.082863
2211095 62850.08328
2211096 62850.083696
2211097 62850.084113
2211098 62850.08453
2211099 62850.084946
2211100 62850.085363
2211101 62850.08578
2211102 62850.086196
2211103 62850.086613
2211104 62850.08703
2211105 62850.087446
2211106 62850.087863
2211107 62850.08828
2211108 62850.088696
2211109 62850.089113
2211110 62850.08953
2211111 62850.089946
2211112 62850.090363
2211113 62850.09078
2211114 62850.091196
2211115 62850.091613
2211116 62850.09203
2211117 62850.092446
2213278 62853.136075
2213279 62853.136491
2213280 62853.136908
2213281 62853.137325
2213282 62853.137741
2213283 62853.138158
2213284 62853.138575
2213285 62853.138991
2213286 62853.139408
2213287 62853.139825
2213288 62853.140241
2213289 62853.140658
2213290 62853.141075
2213291 62853.141491
2213292 62853.141908
2213293 62853.142325
2213294 62853.142741
2213295 62853.143158
2213296 62853.143575
2213297 62853.143991
2213298 62853.144408
2213299 62853.144825
2213300 62853.145241
2213301 62853.145658
2213302 62853.146075
2213303 62853.146491
2215288 62856.131845
2215289 62856.132262
2215290 62856.132679
2215291 62856.133095
2215292 62856.133512
2215293 62856.133929
2215294 62856.134345
2215295 62856.134762
2215296 62856.135179
2215297 62856.135595
2215298 62856.136012
2215299 62856.136429
2215300 62856.136845
2215301 62856.137262
2215302 62856.137679
2215303 62856.138095
2215304 62856.138512
2215305 62856.138929
2215306 62856.139345
2215307 62856.139762
2215308 62856.140179
2215309 62856.140595
2215310 62856.141012
2215311 62856.141429
2215312 62856.141845
2215313 62856.142262
2219747 62865.151376
2219748 62865.151792
2219749 62865.152209
2219750 62865.152626
2219751 62865.153042
2219752 62865.153459
2219753 62865.153876
2219754 62865.154292
2219755 62865.154709
2219756 62865.155126
2219757 62865.155542
2219758 62865.155959
2219759 62865.156376
2219760 62865.156792
2219761 62865.157209
2219762 62865.157626
2219763 62865.158042
2219764 62865.158459
2219765 62865.158876
2219766 62865.159292
2219767 62865.159709
2219768 62865.160126
2219769 62865.160542
2219770 62865.160959
2219771 62865.161376
2219772 62865.161792
