obsHistID expMJD
427570 60192.313952
427571 60192.314369
427572 60192.314785
427573 60192.315202
427574 60192.315619
427575 60192.316035
427576 60192.316452
427577 60192.316869
427578 60192.317285
427579 60192.317702
427580 60192.318119
427581 60192.318535
427582 60192.318952
427583 60192.319369
427584 60192.319785
427585 60192.320202
427586 60192.320619
427587 60192.321035
427588 60192.321452
427589 60192.321869
427590 60192.322285
427591 60192.322702
427592 60192.323119
427593 60192.323535
427594 60192.323952
427595 60192.324369
429182 60195.255291
429183 60195.255708
429184 60195.256125
429185 60195.256541
429186 60195.256958
429187 60195.257375
429188 60195.257791
429189 60195.258208
429190 60195.258625
429191 60195.259041
429192 60195.259458
429193 60195.259875
429194 60195.260291
429195 60195.260708
429196 60195.261125
429197 60195.261541
429198 60195.261958
429199 60195.262375
429200 60195.262791
429201 60195.263208
429202 60195.263625
429203 60195.264041
429204 60195.264458
429205 60195.264875
429206 60195.265291
429207 60195.265708
439170 60209.249091
439171 60209.249508
439172 60209.249925
439173 60209.250341
439174 60209.250758
439175 60209.251175
439176 60209.251591
439177 60209.252008
439178 60209.252425
439179 60209.252841
439180 60209.253258
439181 60209.253675
439182 60209.254091
439183 60209.254508
439184 60209.254925
439185 60209.255341
439186 60209.255758
439187 60209.256175
439188 60209.256591
439189 60209.257008
439190 60209.257425
439191 60209.257841
439192 60209.258258
439193 60209.258675
439194 60209.259091
439195 60209.259508
441845 60212.235692
441846 60212.236108
441847 60212.236525
441848 60212.236942
441849 60212.237358
441850 60212.237775
441851 60212.238192
441852 60212.238608
441853 60212.239025
441854 60212.239442
441855 60212.239858
441856 60212.240275
441857 60212.240692
441858 60212.241108
441859 60212.241525
441860 60212.241942
441861 60212.242358
441862 60212.242775
441863 60212.243192
441864 60212.243608
441865 60212.244025
441866 60212.244442
441867 60212.244858
441868 60212.245275
441869 60212.245692
441870 60212.246108
447576 60223.215782
447577 60223.216199
447578 60223.216615
447579 60223.217032
447580 60223.217449
447581 60223.217865
447582 60223.218282
447583 60223.218699
447584 60223.219115
447585 60223.219532
447586 60223.219949
447587 60223.220365
447588 60223.220782
447589 60223.221199
447590 60223.221615
447591 60223.222032
447592 60223.222449
447593 60223.222865
447594 60223.223282
447595 60223.223699
447596 60223.224115
447597 60223.224532
447598 60223.224949
447599 60223.225365
447600 60223.225782
447601 60223.226199
449286 60226.307636
449287 60226.308053
449288 60226.30847
449289 60226.308886
449290 60226.309303
449291 60226.30972
449292 60226.310136
449293 60226.310553
449294 60226.31097
449295 60226.311386
449296 60226.311803
449297 60226.31222
449298 60226.312636
449299 60226.313053
449300 60226.31347
449301 60226.313886
449302 60226.314303
449303 60226.31472
449304 60226.315136
449305 60226.315553
449306 60226.31597
449307 60226.316386
449308 60226.316803
449309 60226.31722
449310 60226.317636
449311 60226.318053
455387 60238.293618
455388 60238.294035
455389 60238.294451
455390 60238.294868
455391 60238.295285
455392 60238.295701
455393 60238.296118
455394 60238.296535
455395 60238.296951
455396 60238.297368
455397 60238.297785
455398 60238.298201
455399 60238.298618
455400 60238.299035
455401 60238.299451
455402 60238.299868
455403 60238.300285
455404 60238.300701
455405 60238.301118
455406 60238.301535
455407 60238.301951
455408 60238.302368
455409 60238.302785
455410 60238.303201
455411 60238.303618
455412 60238.304035
457551 60241.1552
457552 60241.155617
457553 60241.156034
457554 60241.15645
457555 60241.156867
457556 60241.157284
457557 60241.1577
457558 60241.158117
457559 60241.158534
457560 60241.15895
457561 60241.159367
457562 60241.159784
457563 60241.1602
457564 60241.160617
457565 60241.161034
457566 60241.16145
457567 60241.161867
457568 60241.162284
457569 60241.1627
457570 60241.163117
457571 60241.163534
457572 60241.16395
457573 60241.164367
457574 60241.164784
457575 60241.1652
457576 60241.165617
470448 60267.065278
470449 60267.065694
470450 60267.066111
470451 60267.066528
470452 60267.066944
470453 60267.067361
470454 60267.067778
470455 60267.068194
470456 60267.068611
470457 60267.069028
470458 60267.069444
470459 60267.069861
470460 60267.070278
470461 60267.070694
470462 60267.071111
470463 60267.071528
470464 60267.071944
470465 60267.072361
470466 60267.072778
470467 60267.073194
470468 60267.073611
470469 60267.074028
470470 60267.074444
470471 60267.074861
470472 60267.075278
470473 60267.075694
472794 60270.129164
472795 60270.129581
472796 60270.129997
472797 60270.130414
472798 60270.130831
472799 60270.131247
472800 60270.131664
472801 60270.132081
472802 60270.132497
472803 60270.132914
472804 60270.133331
472805 60270.133747
472806 60270.134164
472807 60270.134581
472808 60270.134997
472809 60270.135414
472810 60270.135831
472811 60270.136247
472812 60270.136664
472813 60270.137081
472814 60270.137497
472815 60270.137914
472816 60270.138331
472817 60270.138747
472818 60270.139164
472819 60270.139581
478601 60278.073424
478602 60278.073841
478603 60278.074257
478604 60278.074674
478605 60278.075091
478606 60278.075507
478607 60278.075924
478608 60278.076341
478609 60278.076757
478610 60278.077174
478611 60278.077591
478612 60278.078007
478613 60278.078424
478614 60278.078841
478615 60278.079257
478616 60278.079674
478617 60278.080091
478618 60278.080507
478619 60278.080924
478620 60278.081341
478621 60278.081757
478622 60278.082174
478623 60278.082591
478624 60278.083007
478625 60278.083424
478626 60278.083841
480733 60281.076201
480734 60281.076618
480735 60281.077035
480736 60281.077451
480737 60281.077868
480738 60281.078285
480739 60281.078701
480740 60281.079118
480741 60281.079535
480742 60281.079951
480743 60281.080368
480744 60281.080785
480745 60281.081201
480746 60281.081618
480747 60281.082035
480748 60281.082451
480749 60281.082868
480750 60281.083285
480751 60281.083701
480752 60281.084118
480753 60281.084535
480754 60281.084951
480755 60281.085368
480756 60281.085785
480757 60281.086201
480758 60281.086618
482863 60284.076667
482864 60284.077083
482865 60284.0775
482866 60284.077917
482867 60284.078333
482868 60284.07875
482869 60284.079167
482870 60284.079583
482871 60284.08
482872 60284.080417
482873 60284.080833
482874 60284.08125
482875 60284.081667
482876 60284.082083
482877 60284.0825
482878 60284.082917
482879 60284.083333
482880 60284.08375
482881 60284.084167
482882 60284.084583
482883 60284.085
482884 60284.085417
482885 60284.085833
482886 60284.08625
482887 60284.086667
482888 60284.087083
484616 60287.078637
484617 60287.079054
484618 60287.079471
484619 60287.079887
484620 60287.080304
484621 60287.080721
484622 60287.081137
484623 60287.081554
484624 60287.081971
484625 60287.082387
484626 60287.082804
484627 60287.083221
484628 60287.083637
484629 60287.084054
484630 60287.084471
484631 60287.084887
484632 60287.085304
484633 60287.085721
484634 60287.086137
484635 60287.086554
484636 60287.086971
484637 60287.087387
484638 60287.087804
484639 60287.088221
484640 60287.088637
484641 60287.089054
490050 60297.137878
490051 60297.138295
490052 60297.138712
490053 60297.139128
490054 60297.139545
490055 60297.139962
490056 60297.140378
490057 60297.140795
490058 60297.141212
490059 60297.141628
490060 60297.142045
490061 60297.142462
490062 60297.142878
490063 60297.143295
490064 60297.143712
490065 60297.144128
490066 60297.144545
490067 60297.144962
490068 60297.145378
490069 60297.145795
490070 60297.146212
490071 60297.146628
490072 60297.147045
490073 60297.147462
490074 60297.147878
490075 60297.148295
490628 60300.085021
490629 60300.085438
490630 60300.085854
490631 60300.10016
490632 60300.101172
490633 60300.101613
490634 60300.102044
490635 60300.102474
490636 60300.102904
490637 60300.103334
490638 60300.103764
490639 60300.104194
490640 60300.104624
490641 60300.105054
490642 60300.105483
490643 60300.105913
490644 60300.106343
490645 60300.106772
490646 60300.107202
490647 60300.107632
490648 60300.108061
490649 60300.108491
490650 60300.10892
490651 60300.10935
490652 60300.109779
490653 60300.110209
