obsHistID expMJD
1903089 62385.266411
1903090 62385.266828
1903091 62385.267245
1903092 62385.267661
1903093 62385.268078
1903094 62385.268495
1903095 62385.268911
1903096 62385.269328
1903097 62385.269745
1903098 62385.270161
1903099 62385.270578
1903100 62385.270995
1903101 62385.271411
1903102 62385.271828
1903103 62385.272245
1903104 62385.272661
1903105 62385.273078
1903106 62385.273495
1903107 62385.273911
1903997 62386.240063
1903998 62386.24048
1903999 62386.240896
1904000 62386.241313
1904001 62386.24173
1904002 62386.242146
1904003 62386.242563
1904004 62386.24298
1904005 62386.243396
1904006 62386.243813
1904007 62386.24423
1904008 62386.244646
1904009 62386.245063
1904010 62386.24548
1904011 62386.245896
1904012 62386.246313
1904013 62386.24673
1904014 62386.247146
1904015 62386.247563
1904926 62387.241105
1904927 62387.241521
1904928 62387.241938
1904929 62387.242355
1904930 62387.242771
1904931 62387.243188
1904932 62387.243605
1904933 62387.244021
1904934 62387.244438
1904935 62387.244855
1904936 62387.245271
1904937 62387.245688
1904938 62387.246105
1904939 62387.246521
1904940 62387.246938
1904941 62387.247355
1904942 62387.247771
1904943 62387.248188
1904944 62387.248605
1904945 62387.249021
1923758 62415.160957
1923759 62415.161374
1923760 62415.16179
1923761 62415.162207
1923762 62415.162624
1923763 62415.16304
1923764 62415.163457
1923765 62415.163874
1923766 62415.16429
1923767 62415.164707
1923768 62415.165124
1923769 62415.16554
1923770 62415.165957
1923771 62415.166374
1923772 62415.16679
1923773 62415.167207
1923774 62415.167624
1923775 62415.16804
1923776 62415.168457
1924614 62416.158253
1924615 62416.158669
1924616 62416.159086
1924617 62416.159503
1924618 62416.159919
1924619 62416.160336
1924620 62416.160753
1924621 62416.161169
1924622 62416.161586
1924623 62416.162003
1924624 62416.162419
1924625 62416.162836
1924626 62416.163253
1924627 62416.163669
1924628 62416.164086
1924629 62416.164503
1924630 62416.164919
1924631 62416.165336
1924632 62416.165753
1924633 62416.166169
1925464 62417.155205
1925465 62417.155622
1925466 62417.156039
1925467 62417.156455
1925468 62417.156872
1925469 62417.157289
1925470 62417.157705
1925471 62417.158122
1925472 62417.158539
1925473 62417.158955
1925474 62417.159372
1925475 62417.159789
1925476 62417.160205
1925477 62417.160622
1925478 62417.161039
1925479 62417.161455
1925480 62417.161872
1925481 62417.162289
1925482 62417.162705
1925483 62417.163122
1926303 62418.157417
1926304 62418.157833
1926305 62418.15825
1926306 62418.158667
1926307 62418.159083
1926308 62418.1595
1926309 62418.159917
1926310 62418.160333
1926311 62418.16075
1926312 62418.161167
1926313 62418.161583
1926314 62418.162
1926315 62418.162417
1926316 62418.162833
1926317 62418.16325
1926318 62418.163667
1926319 62418.164083
1926320 62418.1645
1926321 62418.164917
1926322 62418.165333
1927109 62419.152635
1927110 62419.153051
1927111 62419.153468
1927112 62419.153885
1927113 62419.154301
1927114 62419.154718
1927115 62419.155135
1927116 62419.155551
1927117 62419.155968
1927118 62419.156385
1927119 62419.156801
1927120 62419.157218
1927121 62419.157635
1927122 62419.158051
1927123 62419.158468
1927124 62419.158885
1927125 62419.159301
1927126 62419.159718
1927127 62419.160135
1927128 62419.160551
1927947 62420.150091
1927948 62420.150507
1927949 62420.150924
1927950 62420.151341
1927951 62420.151757
1927952 62420.152174
1927953 62420.152591
1927954 62420.153007
1927955 62420.153424
1927956 62420.153841
1927957 62420.154257
1927958 62420.154674
1927959 62420.155091
1927960 62420.155507
1927961 62420.155924
1927962 62420.156341
1927963 62420.156757
1927964 62420.157174
1927965 62420.157591
1927966 62420.158007
1928812 62421.178257
1928813 62421.178674
1928814 62421.179091
1928815 62421.179507
1928816 62421.179924
1928817 62421.180341
1928818 62421.180757
1928819 62421.181174
1928820 62421.181591
1928821 62421.182007
1928822 62421.182424
1928823 62421.182841
1928824 62421.183257
1928825 62421.183674
1928826 62421.184091
1928827 62421.184507
1928828 62421.184924
1928829 62421.185341
1928830 62421.185757
1928831 62421.186174
1957563 62473.050477
1957564 62473.050893
1957565 62473.05131
1957566 62473.051727
1957567 62473.052143
1957568 62473.05256
1957569 62473.052977
1957570 62473.053393
1957571 62473.05381
1957572 62473.054227
1957573 62473.054643
1957574 62473.05506
1957575 62473.055477
1957576 62473.055893
1957577 62473.05631
1957578 62473.056727
1957579 62473.057143
1957580 62473.05756
1957581 62473.057977
1957582 62473.058393
1958294 62474.051237
1958295 62474.051653
1958296 62474.05207
1958297 62474.052487
1958298 62474.052903
1958299 62474.05332
1958300 62474.053737
1958301 62474.054153
1958302 62474.05457
1958303 62474.054987
1958304 62474.055403
1958305 62474.05582
1958306 62474.056237
1958307 62474.056653
1958308 62474.05707
1958309 62474.057487
1958310 62474.057903
1958311 62474.05832
1958312 62474.058737
1958946 62475.193257
1958947 62475.193674
1958948 62475.19409
1958949 62475.194507
1958950 62475.194924
1958951 62475.19534
1958952 62475.195757
1958953 62475.196174
1958954 62475.19659
1958955 62475.197007
1958956 62475.197424
1958957 62475.19784
1958958 62475.198257
1958959 62475.198674
1958960 62475.19909
1958961 62475.199507
1958962 62475.199924
1958963 62475.20034
1958964 62475.200757
1958965 62475.201174
1959349 62476.052235
1959350 62476.052652
1959351 62476.053069
1959352 62476.053485
1959353 62476.053902
1959354 62476.054319
1959355 62476.054735
1959356 62476.055152
1959357 62476.055569
1959358 62476.055985
1959359 62476.056402
1959360 62476.056819
1959361 62476.057235
1959362 62476.057652
1959363 62476.058069
1959364 62476.058485
1959365 62476.058902
1959366 62476.059319
1959367 62476.059735
1959368 62476.060152
1960060 62477.052744
1960061 62477.053161
1960062 62477.053578
1960063 62477.053994
1960064 62477.054411
1960065 62477.054828
1960066 62477.055244
1960067 62477.055661
1960068 62477.056078
1960069 62477.056494
1960070 62477.056911
1960071 62477.057328
1960072 62477.057744
1960073 62477.058161
1960074 62477.058578
1960075 62477.058994
1960076 62477.059411
1960077 62477.059828
1960078 62477.060244
1960079 62477.060661
1960751 62478.053238
1960752 62478.053655
1960753 62478.054072
1960754 62478.054488
1960755 62478.054905
1960756 62478.055322
1960757 62478.055738
1960758 62478.056155
1960759 62478.056572
1960760 62478.056988
1960761 62478.057405
1960762 62478.057822
1960763 62478.058238
1960764 62478.058655
1960765 62478.059072
1960766 62478.059488
1960767 62478.059905
1960768 62478.060322
1960769 62478.060738
1960770 62478.061155
1961461 62479.053981
1961462 62479.054398
1961463 62479.054814
1961464 62479.055231
1961465 62479.055648
1961466 62479.056064
1961467 62479.056481
1961468 62479.056898
1961469 62479.057314
1961470 62479.057731
1961471 62479.058148
1961472 62479.058564
1961473 62479.058981
1961474 62479.059398
1961475 62479.059814
1961476 62479.060231
1961477 62479.060648
1961478 62479.061064
1961479 62479.061481
1961480 62479.061898
