obsHistID expMJD
2221637 62868.07022
2221638 62868.070637
2221639 62868.071053
2221640 62868.07147
2221641 62868.071887
2221642 62868.072303
2221643 62868.07272
2221644 62868.073137
2221645 62868.073553
2221646 62868.07397
2221647 62868.074387
2221648 62868.074803
2221649 62868.07522
2221650 62868.075637
2221651 62868.076053
2221652 62868.07647
2221653 62868.076887
2221654 62868.077303
2221655 62868.07772
2221656 62868.078137
2376937 63117.243643
2376938 63117.244059
2376939 63117.244476
2376940 63117.244893
2376941 63117.245309
2376942 63117.245726
2376943 63117.246143
2376944 63117.246559
2376945 63117.246976
2376946 63117.247393
2376947 63117.247809
2376948 63117.248226
2376949 63117.248643
2376950 63117.249059
2376951 63117.249476
2376952 63117.249893
2376953 63117.250309
2376954 63117.250726
2376955 63117.251143
2379305 63121.24423
2379306 63121.244646
2379307 63121.245063
2379308 63121.24548
2379309 63121.245896
2379310 63121.246313
2379311 63121.24673
2379312 63121.247146
2379313 63121.247563
2379314 63121.24798
2379315 63121.248396
2379316 63121.248813
2379317 63121.24923
2379318 63121.249646
2379319 63121.250063
2379320 63121.25048
2379321 63121.250896
2379322 63121.251313
2379323 63121.25173
2385562 63131.189264
2385563 63131.189692
2385564 63131.19012
2385565 63131.190549
2385566 63131.190977
2385567 63131.191405
2385568 63131.191833
2385569 63131.192262
2385570 63131.19269
2385571 63131.193118
2385572 63131.193546
2385573 63131.193975
2385574 63131.194391
2385575 63131.194808
2385576 63131.195225
2385577 63131.195641
2385578 63131.196058
2385579 63131.196475
2385580 63131.196891
2388681 63136.1771
2388682 63136.177528
2388683 63136.177956
2388684 63136.178384
2388685 63136.178813
2388686 63136.179241
2388687 63136.179669
2388688 63136.180097
2388689 63136.180526
2388690 63136.180942
2388691 63136.181359
2388692 63136.181776
2388693 63136.182192
2388694 63136.182609
2388695 63136.183026
2388696 63136.183442
2388697 63136.183859
2388698 63136.184276
2388699 63136.184692
2388700 63136.185109
2394239 63145.232379
2394240 63145.232796
2394241 63145.233213
2394242 63145.233629
2394243 63145.234046
2394244 63145.234463
2394245 63145.234879
2394246 63145.235296
2394247 63145.235713
2394248 63145.236129
2394249 63145.236546
2394250 63145.236963
2394251 63145.237379
2394252 63145.237796
2394253 63145.238213
2394254 63145.238629
2394255 63145.239046
2394256 63145.239463
2394257 63145.239879
2394258 63145.240296
2396665 63148.177511
2396666 63148.177928
2396667 63148.178345
2396668 63148.178761
2396669 63148.179178
2396670 63148.179595
2396671 63148.180011
2396672 63148.180428
2396673 63148.180845
2396674 63148.181261
2396675 63148.181678
2396676 63148.182095
2396677 63148.182511
2396678 63148.182928
2396679 63148.183345
2396680 63148.183761
2396681 63148.184178
2396682 63148.184595
2396683 63148.185011
2396684 63148.185428
2399143 63151.168788
2399144 63151.169204
2399145 63151.169621
2399146 63151.170038
2399147 63151.170454
2399148 63151.170871
2399149 63151.171288
2399150 63151.171704
2399151 63151.172121
2399152 63151.172538
2399153 63151.172954
2399154 63151.173371
2399155 63151.173788
2399156 63151.174204
2399157 63151.174621
2399158 63151.175038
2399159 63151.175454
2399160 63151.175871
2399161 63151.176288
2399162 63151.176704
2408390 63162.283256
2408391 63162.283672
2408392 63162.284089
2408393 63162.284506
2408394 63162.284922
2408395 63162.285339
2408396 63162.285756
2408397 63162.286172
2408398 63162.286589
2408399 63162.287006
2408400 63162.287422
2408401 63162.287839
2408402 63162.288256
2408403 63162.288672
2408404 63162.289089
2408405 63162.289506
2408406 63162.289922
2408407 63162.290339
2408408 63162.290756
2408409 63162.291172
2410465 63165.098807
2410466 63165.099235
2410467 63165.099664
2410468 63165.100092
2410469 63165.10052
2410470 63165.100948
2410471 63165.101365
2410472 63165.101782
2410473 63165.102198
2410474 63165.102615
2410475 63165.103032
2410476 63165.103448
2410477 63165.103865
2410478 63165.104282
2410479 63165.104698
2410480 63165.105115
2410481 63165.105532
2410482 63165.105948
2410483 63165.106365
2410484 63165.106782
2417102 63181.077971
2417103 63181.078388
2417104 63181.078805
2417105 63181.079221
2417106 63181.079638
2417107 63181.080055
2417108 63181.080471
2417109 63181.080888
2417110 63181.081305
2417111 63181.081721
2417112 63181.082138
2417113 63181.082555
2417114 63181.082971
2417115 63181.083388
2417116 63181.083805
2417117 63181.084221
2417118 63181.084638
2417119 63181.085055
2417120 63181.085471
2417121 63181.085888
2423656 63191.066609
2423657 63191.067026
2423658 63191.067442
2423659 63191.067859
2423660 63191.068276
2423661 63191.068692
2423662 63191.069109
2423663 63191.069526
2423664 63191.069942
2423665 63191.070359
2423666 63191.070776
2423667 63191.071192
2423668 63191.071609
2423669 63191.072026
2423670 63191.072442
2423671 63191.072859
2423672 63191.073276
2423673 63191.073692
2423674 63191.074109
2425753 63194.043804
2425754 63194.04422
2425755 63194.044637
2425756 63194.045054
2425757 63194.04547
2425758 63194.045887
2425759 63194.046304
2425760 63194.04672
2425761 63194.047137
2425762 63194.047554
2425763 63194.04797
2425764 63194.048387
2425765 63194.048804
2425766 63194.04922
2425767 63194.049637
2425768 63194.050054
2425769 63194.05047
2425770 63194.050887
2425771 63194.051304
2425772 63194.05172
2431491 63203.052748
2431492 63203.053165
2431493 63203.053581
2431494 63203.053998
2431495 63203.054415
2431496 63203.054831
2431497 63203.055248
2431498 63203.055665
2431499 63203.056081
2431500 63203.056498
2431501 63203.056915
2431502 63203.057331
2431503 63203.057748
2431504 63203.058165
2431505 63203.058581
2431506 63203.058998
2431507 63203.059415
2431508 63203.059831
2431509 63203.060248
2431510 63203.060665
2433588 63206.051874
2433589 63206.052291
2433590 63206.052707
2433591 63206.053124
2433592 63206.053541
2433593 63206.053957
2433594 63206.054374
2433595 63206.054791
2433596 63206.055207
2433597 63206.055624
2433598 63206.056041
2433599 63206.056457
2433600 63206.056874
2433601 63206.057291
2433602 63206.057707
2433603 63206.058124
2433604 63206.058541
2433605 63206.058957
2433606 63206.059374
2433607 63206.059791
2435635 63209.053628
2435636 63209.054045
2435637 63209.054462
2435638 63209.054878
2435639 63209.055295
2435640 63209.055712
2435641 63209.056128
2435642 63209.056545
2435643 63209.056962
2435644 63209.057378
2435645 63209.057795
2435646 63209.058212
2435647 63209.058628
2435648 63209.059045
2435649 63209.059462
2435650 63209.059878
2435651 63209.060295
2435652 63209.060712
2435653 63209.061128
2435654 63209.061545
2441818 63220.059714
2441819 63220.060131
2441820 63220.060548
2441821 63220.060964
2441822 63220.061381
2441823 63220.061798
2441824 63220.062214
2441825 63220.062631
2441826 63220.063048
2441827 63220.063464
2441828 63220.063881
2441829 63220.064298
2441830 63220.064714
2441831 63220.065131
2441832 63220.065548
2441833 63220.065964
2441834 63220.066381
2441835 63220.066798
2441836 63220.067214
2443815 63223.060195
2443816 63223.060612
2443817 63223.061029
2443818 63223.061445
2443819 63223.061862
2443820 63223.062279
2443821 63223.062695
2443822 63223.063112
2443823 63223.063529
2443824 63223.063945
2443825 63223.064362
2443826 63223.064779
2443827 63223.065195
2443828 63223.065612
2443829 63223.066029
2443830 63223.066445
2443831 63223.066862
2443832 63223.067279
2443833 63223.067695
2443834 63223.068112
