obsHistID expMJD
1412305 61656.256331
1412306 61656.256748
1412307 61656.257165
1412308 61656.257581
1412309 61656.257998
1412310 61656.258415
1412311 61656.258831
1412312 61656.259248
1412313 61656.259665
1412314 61656.260081
1412315 61656.260498
1412316 61656.260915
1412317 61656.261331
1412318 61656.261748
1412319 61656.262165
1412320 61656.262581
1412321 61656.262998
1412322 61656.263415
1412323 61656.263831
1412324 61656.264248
1414046 61672.394193
1414047 61672.39461
1414048 61672.395027
1414049 61672.395443
1414050 61672.39586
1414051 61672.396277
1414052 61672.396693
1414053 61672.39711
1414054 61672.397527
1414055 61672.397943
1414056 61672.39836
1414057 61672.398777
1414058 61672.399193
1414059 61672.39961
1414060 61672.400027
1414061 61672.400443
1414062 61672.40086
1414063 61672.401277
1422672 61685.236843
1422673 61685.23726
1422674 61685.237677
1422675 61685.238093
1422676 61685.23851
1422677 61685.238927
1422678 61685.239343
1422679 61685.23976
1422680 61685.240177
1422681 61685.240593
1422682 61685.24101
1422683 61685.241427
1422684 61685.241843
1422685 61685.24226
1422686 61685.242677
1422687 61685.243093
1422688 61685.24351
1422689 61685.243927
1422690 61685.244343
1422691 61685.24476
1425088 61688.186052
1425089 61688.186469
1425090 61688.186886
1425091 61688.187302
1425092 61688.187719
1425093 61688.188136
1425094 61688.188552
1425095 61688.188969
1425096 61688.189386
1425097 61688.189802
1425098 61688.190219
1425099 61688.190636
1425100 61688.191052
1425101 61688.191469
1425102 61688.191886
1425103 61688.192302
1425104 61688.192719
1425105 61688.193136
1425106 61688.193552
1425107 61688.193969
1427633 61691.317113
1427634 61691.31753
1427635 61691.317946
1427636 61691.318363
1427637 61691.31878
1427638 61691.319196
1427639 61691.319613
1427640 61691.32003
1427641 61691.320446
1427642 61691.320863
1427643 61691.32128
1427644 61691.321696
1427645 61691.322113
1427646 61691.32253
1427647 61691.322946
1427648 61691.323363
1427649 61691.32378
1427650 61691.324196
1427651 61691.324613
1427652 61691.32503
1433154 61698.171896
1433155 61698.172313
1433156 61698.17273
1433157 61698.173146
1433158 61698.173563
1433159 61698.17398
1433160 61698.174396
1433161 61698.174813
1433162 61698.17523
1433163 61698.175646
1433164 61698.176063
1433165 61698.17648
1433166 61698.176896
1433167 61698.177313
1433168 61698.17773
1433169 61698.178146
1433170 61698.178563
1433171 61698.17898
1433172 61698.179396
1433173 61698.179813
1434703 61701.150082
1434704 61701.150499
1434705 61701.150916
1434706 61701.151332
1434707 61701.151749
1434708 61701.152166
1434709 61701.152582
1434710 61701.152999
1434711 61701.153416
1434712 61701.153832
1434713 61701.154249
1434714 61701.154666
1434715 61701.155082
1434716 61701.155499
1434717 61701.155916
1434718 61701.156332
1434719 61701.156749
1434720 61701.157166
1434721 61701.157582
1434722 61701.157999
1436087 61704.177048
1436088 61704.177465
1436089 61704.177882
1436090 61704.178298
1436091 61704.178715
1436092 61704.179132
1436093 61704.179548
1436094 61704.179965
1436095 61704.180382
1436096 61704.180798
1436097 61704.181215
1436098 61704.181632
1436099 61704.182048
1436100 61704.182465
1436101 61704.182882
1436102 61704.183298
1436103 61704.183715
1436104 61704.184132
1436105 61704.184548
1436106 61704.184965
1446178 61725.105382
1446179 61725.105799
1446180 61725.106216
1446181 61725.106632
1446182 61725.107049
1446183 61725.107466
1446184 61725.107882
1446185 61725.108299
1446186 61725.108716
1446187 61725.109132
1446188 61725.109549
1446189 61725.109966
1446190 61725.110382
1446191 61725.110799
1446192 61725.111216
1446193 61725.111632
1446194 61725.112049
1446195 61725.112466
1446196 61725.112882
1446197 61725.113299
1448378 61728.103211
1448379 61728.103627
1448380 61728.104044
1448381 61728.104461
1448382 61728.104877
1448383 61728.105294
1448384 61728.105711
1448385 61728.106127
1448386 61728.106544
1448387 61728.106961
1448388 61728.107377
1448389 61728.107794
1448390 61728.108211
1448391 61728.108627
1448392 61728.109044
1448393 61728.109461
1448394 61728.109877
1448395 61728.110294
1448396 61728.110711
1448397 61728.111127
1450533 61731.104999
1450534 61731.105416
1450535 61731.105832
1450536 61731.106249
1450537 61731.106666
1450538 61731.107082
1450539 61731.107499
1450540 61731.107916
1450541 61731.108332
1450542 61731.108749
1450543 61731.109166
1450544 61731.109582
1450545 61731.109999
1450546 61731.110416
1450547 61731.110832
1450548 61731.111249
1450549 61731.111666
1450550 61731.112082
1450551 61731.112499
1450552 61731.112916
1458839 61744.066679
1458840 61744.067096
1458841 61744.067512
1458842 61744.067929
1458843 61744.068346
1458844 61744.068762
1458845 61744.069179
1458846 61744.069596
1458847 61744.070012
1458848 61744.070429
1458849 61744.070846
1458850 61744.071262
1458851 61744.071679
1458852 61744.072096
1458853 61744.072512
1458854 61744.072929
1458855 61744.073346
1458856 61744.073762
1458857 61744.074179
1458858 61744.074596
1460900 61747.068187
1460901 61747.068603
1460902 61747.06902
1460903 61747.069437
1460904 61747.069853
1460905 61747.07027
1460906 61747.070687
1460907 61747.071103
1460908 61747.07152
1460909 61747.071937
1460910 61747.072353
1460911 61747.07277
1460912 61747.073187
1460913 61747.073603
1460914 61747.07402
1460915 61747.074437
1460916 61747.074853
1460917 61747.07527
1460918 61747.075687
1460919 61747.076103
1466558 61755.136198
1466559 61755.136615
1466560 61755.137031
1466561 61755.137448
1466562 61755.137865
1466563 61755.138281
1466564 61755.138698
1466565 61755.139115
1466566 61755.139531
1466567 61755.139948
1466568 61755.140365
1466569 61755.140781
1466570 61755.141198
1466571 61755.141615
1466572 61755.142031
1466573 61755.142448
1466574 61755.142865
1466575 61755.143281
1466576 61755.143698
1466577 61755.144115
1468627 61758.124699
1468628 61758.125116
1468629 61758.125533
1468630 61758.125949
1468631 61758.126366
1468632 61758.126783
1468633 61758.127199
1468634 61758.127616
1468635 61758.128033
1468636 61758.128449
1468637 61758.128866
1468638 61758.129283
1468639 61758.129699
1468640 61758.130116
1468641 61758.130533
1468642 61758.130949
1468643 61758.131366
1468644 61758.131783
1468645 61758.132199
1468646 61758.132616
1470526 61762.213518
1470527 61762.213935
1470528 61762.214352
1470529 61762.214768
1470530 61762.215185
1470531 61762.215602
1470532 61762.216018
1470533 61762.216435
1470534 61762.216852
1470535 61762.217268
1470536 61762.217685
1470537 61762.218102
1470538 61762.218518
1470539 61762.218935
1470540 61762.219352
1470541 61762.219768
1470542 61762.220185
1470543 61762.220602
1470544 61762.221018
1470545 61762.221435
