obsHistID expMJD
994196 61044.101536
994197 61044.101952
994198 61044.102369
994199 61044.102786
994200 61044.103202
994201 61044.103619
994202 61044.104036
994203 61044.104452
994204 61044.104869
994205 61044.105286
994206 61044.105702
994207 61044.106119
994208 61044.106536
994209 61044.106952
994210 61044.107369
994211 61044.107786
994212 61044.108202
994213 61044.108619
994214 61044.109036
994215 61044.109452
995611 61047.100533
995612 61047.10095
995613 61047.101366
995614 61047.101783
995615 61047.1022
995616 61047.102616
995617 61047.103033
995618 61047.10345
995619 61047.103866
995620 61047.104283
995621 61047.1047
995622 61047.105116
995623 61047.105533
995624 61047.10595
995625 61047.106366
995626 61047.106783
995627 61047.1072
995628 61047.107616
995629 61047.108033
995630 61047.10845
996998 61050.100874
996999 61050.101291
997000 61050.101708
997001 61050.102124
997002 61050.102541
997003 61050.102958
997004 61050.103374
997005 61050.103791
997006 61050.104208
997007 61050.104624
997008 61050.105041
997009 61050.105458
997010 61050.105874
997011 61050.106291
997012 61050.106708
997013 61050.107124
997014 61050.107541
997015 61050.107958
997016 61050.108374
997017 61050.108791
997718 61054.100745
997719 61054.101162
997720 61054.101579
997721 61054.101995
997722 61054.102412
997723 61054.102829
997724 61054.103245
997725 61054.103662
997726 61054.104079
997727 61054.104495
997728 61054.104912
997729 61054.105329
997730 61054.105745
997731 61054.106162
997732 61054.106579
997733 61054.106995
997734 61054.107412
997735 61054.107829
997736 61054.108245
997737 61054.108662
1170906 61302.230944
1170907 61302.23136
1170908 61302.231777
1170909 61302.232194
1170910 61302.23261
1170911 61302.233027
1170912 61302.233444
1170913 61302.23386
1170914 61302.234277
1170915 61302.234694
1170916 61302.23511
1170917 61302.235527
1170918 61302.235944
1170919 61302.23636
1170920 61302.236777
1170921 61302.237194
1170922 61302.23761
1170923 61302.238027
1170924 61302.238444
1170925 61302.23886
1173580 61305.258571
1173581 61305.258988
1173582 61305.259405
1173583 61305.259821
1173584 61305.260238
1173585 61305.260655
1173586 61305.261071
1173587 61305.261488
1173588 61305.261905
1173589 61305.262321
1173590 61305.262738
1173591 61305.263155
1173592 61305.263571
1173593 61305.263988
1173594 61305.264405
1173595 61305.264821
1173596 61305.265238
1173597 61305.265655
1173598 61305.266071
1173599 61305.266488
1181632 61314.297542
1181633 61314.297959
1181634 61314.298375
1181635 61314.298792
1181636 61314.299209
1181637 61314.299625
1181638 61314.300042
1181639 61314.300459
1181640 61314.300875
1181641 61314.301292
1181642 61314.301709
1181643 61314.302125
1181644 61314.302542
1181645 61314.302959
1181646 61314.303375
1181647 61314.303792
1181648 61314.304209
1181649 61314.304625
1181650 61314.305042
1181651 61314.305459
1184005 61317.194026
1184006 61317.194443
1184007 61317.19486
1184008 61317.195276
1184009 61317.195693
1184010 61317.19611
1184011 61317.196526
1184012 61317.196943
1184013 61317.19736
1184014 61317.197776
1184015 61317.198193
1184016 61317.19861
1184017 61317.199026
1184018 61317.199443
1184019 61317.19986
1184020 61317.200276
1184021 61317.200693
1184022 61317.20111
1184023 61317.201526
1184024 61317.201943
1194587 61330.19926
1194588 61330.199676
1194589 61330.200093
1194590 61330.20051
1194591 61330.200926
1194592 61330.201343
1194593 61330.20176
1194594 61330.202176
1194595 61330.202593
1194596 61330.20301
1194597 61330.203426
1194598 61330.203843
1194599 61330.20426
1194600 61330.204676
1194601 61330.205093
1194602 61330.20551
1194603 61330.205926
1194604 61330.206343
1194605 61330.20676
1194606 61330.207176
1196958 61333.196088
1196959 61333.196504
1196960 61333.196921
1196961 61333.197338
1196962 61333.197754
1196963 61333.198171
1196964 61333.198588
1196965 61333.199004
1196966 61333.199421
1196967 61333.199838
1196968 61333.200254
1196969 61333.200671
1196970 61333.201088
1196971 61333.201504
1196972 61333.201921
1196973 61333.202338
1196974 61333.202754
1196975 61333.203171
1196976 61333.203588
1196977 61333.204004
1198617 61336.230654
1198618 61336.23107
1198619 61336.231487
1198620 61336.231904
1198621 61336.23232
1198622 61336.232737
1198623 61336.233154
1198624 61336.23357
1198625 61336.233987
1198626 61336.234404
1198627 61336.23482
1198628 61336.235237
1198629 61336.235654
1198630 61336.23607
1198631 61336.236487
1198632 61336.236904
1198633 61336.23732
1198634 61336.237737
1198635 61336.238154
1198636 61336.23857
1203266 61344.155424
1203267 61344.15584
1203268 61344.156257
1203269 61344.156674
1203270 61344.15709
1203271 61344.157507
1203272 61344.157924
1203273 61344.15834
1203274 61344.158757
1203275 61344.159174
1203276 61344.15959
1203277 61344.160007
1203278 61344.160424
1203279 61344.16084
1203280 61344.161257
1203281 61344.161674
1203282 61344.16209
1203283 61344.162507
1203284 61344.162924
1203285 61344.16334
1204080 61348.157468
1204081 61348.157885
1204082 61348.158301
1204083 61348.158718
1204084 61348.159135
1204085 61348.159551
1204086 61348.159968
1204087 61348.160385
1204088 61348.160801
1204089 61348.161218
1204090 61348.161635
1204091 61348.162051
1204092 61348.162468
1204093 61348.162885
1204094 61348.163301
1204095 61348.163718
1204096 61348.164135
1204097 61348.164551
1204098 61348.164968
1204099 61348.165385
1208255 61359.117737
1208256 61359.118154
1208257 61359.11857
1208258 61359.118987
1208259 61359.119404
1208260 61359.11982
1208261 61359.120237
1208262 61359.120654
1208263 61359.12107
1208264 61359.121487
1208265 61359.121904
1208266 61359.12232
1208267 61359.122737
1208268 61359.123154
1208269 61359.12357
1208270 61359.123987
1208271 61359.124404
1208272 61359.12482
1208273 61359.125237
1208274 61359.125654
1210387 61362.11973
1210388 61362.120147
1210389 61362.120564
1210390 61362.12098
1210391 61362.121397
1210392 61362.121814
1210393 61362.12223
1210394 61362.122647
1210395 61362.123064
1210396 61362.12348
1210397 61362.123897
1210398 61362.124314
1210399 61362.12473
1210400 61362.125147
1210401 61362.125564
1210402 61362.12598
1210403 61362.126397
1210404 61362.126814
1210405 61362.12723
1210406 61362.127647
1212564 61365.147291
1212565 61365.147708
1212566 61365.148124
1212567 61365.148541
1212568 61365.148958
1212569 61365.149374
1212570 61365.149791
1212571 61365.150208
1212572 61365.150624
1212573 61365.151041
1212574 61365.151458
1212575 61365.151874
1212576 61365.152291
1212577 61365.152708
1212578 61365.153124
1212579 61365.153541
1212580 61365.153958
1212581 61365.154374
1212582 61365.154791
1212583 61365.155208
1216016 61370.082445
1216017 61370.082861
1216018 61370.083278
1216019 61370.083695
1216020 61370.084111
1216021 61370.084528
1216022 61370.084945
1216023 61370.085361
1216024 61370.085778
1216025 61370.086195
1216026 61370.086611
1216027 61370.087028
1216028 61370.087445
1216029 61370.087861
1216030 61370.088278
1216031 61370.088695
1216032 61370.089111
1216033 61370.089528
1216034 61370.089945
1216035 61370.090361
1218191 61373.084606
1218192 61373.085023
1218193 61373.085439
1218194 61373.085856
1218195 61373.086273
1218196 61373.086689
1218197 61373.087106
1218198 61373.087523
1218199 61373.087939
1218200 61373.088356
1218201 61373.088773
1218202 61373.089189
1218203 61373.089606
1218204 61373.090023
1218205 61373.090439
1218206 61373.090856
1218207 61373.091273
1218208 61373.091689
1218209 61373.092106
1218210 61373.092523
1220334 61376.086715
1220335 61376.087132
1220336 61376.087549
1220337 61376.087965
1220338 61376.088382
1220339 61376.088799
1220340 61376.089215
1220341 61376.089632
1220342 61376.090049
1220343 61376.090465
1220344 61376.090882
1220345 61376.091299
1220346 61376.091715
1220347 61376.092132
1220348 61376.092549
1220349 61376.092965
1220350 61376.093382
1220351 61376.093799
1220352 61376.094215
1220353 61376.094632
1228695 61389.093993
1228696 61389.094409
1228697 61389.094826
1228698 61389.095243
1228699 61389.095659
1228700 61389.096076
1228701 61389.096493
1228702 61389.096909
1228703 61389.097326
1228704 61389.097743
1228705 61389.098159
1228706 61389.098576
1228707 61389.098993
1228708 61389.099409
1228709 61389.099826
1228710 61389.100243
1228711 61389.100659
1228712 61389.101076
1228713 61389.101493
1228714 61389.101909
1230415 61392.095751
1230416 61392.096168
1230417 61392.110473
1230418 61392.111485
1230419 61392.111926
1230420 61392.112357
1230421 61392.112787
1230422 61392.113217
1230423 61392.113647
1230424 61392.114077
1230425 61392.114507
1230426 61392.114937
1230427 61392.115366
1230428 61392.115796
1230429 61392.116226
1230430 61392.116655
1230431 61392.117085
1230432 61392.117515
1230433 61392.117944
1230434 61392.118374
1235352 61406.172623
1235353 61406.17304
1235354 61406.173457
1235355 61406.173873
1235356 61406.17429
1235357 61406.174707
1235358 61406.175123
1235359 61406.17554
1235360 61406.175957
1235361 61406.176373
1235362 61406.17679
1235363 61406.177207
1235364 61406.177623
1235365 61406.17804
1235366 61406.178457
1235367 61406.178873
1235368 61406.17929
1235369 61406.179707
1235370 61406.180123
1235371 61406.18054
