obsHistID expMJD
427540 60192.298721
427541 60192.299137
427542 60192.299554
427543 60192.299971
427544 60192.300387
427545 60192.300804
427546 60192.301221
427547 60192.301637
427548 60192.302054
427549 60192.302471
429152 60195.24006
429153 60195.240477
429154 60195.240893
429155 60195.24131
429156 60195.241727
429157 60195.242143
429158 60195.24256
429159 60195.242977
429160 60195.243393
429161 60195.24381
439140 60209.23386
439141 60209.234276
439142 60209.234693
439143 60209.23511
439144 60209.235526
439145 60209.235943
439146 60209.23636
439147 60209.236776
439148 60209.237193
439149 60209.23761
441815 60212.22046
441816 60212.220877
441817 60212.221293
441818 60212.22171
441819 60212.222127
441820 60212.222543
441821 60212.22296
441822 60212.223377
441823 60212.223793
441824 60212.22421
447546 60223.20055
447547 60223.200967
447548 60223.201384
447549 60223.2018
447550 60223.202217
447551 60223.202634
447552 60223.20305
447553 60223.203467
447554 60223.203884
447555 60223.2043
449256 60226.277815
449257 60226.278232
449258 60226.278649
449259 60226.279065
449260 60226.279482
449261 60226.279899
449262 60226.280315
449263 60226.280732
449264 60226.281149
449265 60226.281565
455357 60238.278386
455358 60238.278803
455359 60238.27922
455360 60238.279636
455361 60238.280053
455362 60238.28047
455363 60238.280886
455364 60238.281303
455365 60238.28172
455366 60238.282136
457521 60241.139969
457522 60241.140386
457523 60241.140802
457524 60241.141219
457525 60241.141636
457526 60241.142052
457527 60241.142469
457528 60241.142886
457529 60241.143302
457530 60241.143719
470418 60267.050046
470419 60267.050463
470420 60267.05088
470421 60267.051296
470422 60267.051713
470423 60267.05213
470424 60267.052546
470425 60267.052963
470426 60267.05338
470427 60267.053796
472764 60270.113932
472765 60270.114349
472766 60270.114766
472767 60270.115182
472768 60270.115599
472769 60270.116016
472770 60270.116432
472771 60270.116849
472772 60270.117266
472773 60270.117682
478571 60278.058192
478572 60278.058609
478573 60278.059026
478574 60278.059442
478575 60278.059859
478576 60278.060276
478577 60278.060692
478578 60278.061109
478579 60278.061526
478580 60278.061942
480703 60281.06097
480704 60281.061386
480705 60281.061803
480706 60281.06222
480707 60281.062636
480708 60281.063053
480709 60281.06347
480710 60281.063886
480711 60281.064303
480712 60281.06472
482833 60284.061435
482834 60284.061852
482835 60284.062268
482836 60284.062685
482837 60284.063102
482838 60284.063518
482839 60284.063935
482840 60284.064352
482841 60284.064768
482842 60284.065185
484586 60287.063406
484587 60287.063823
484588 60287.064239
484589 60287.064656
484590 60287.065073
484591 60287.065489
484592 60287.065906
484593 60287.066323
484594 60287.066739
484595 60287.067156
490020 60297.122647
490021 60297.123063
490022 60297.12348
490023 60297.123897
490024 60297.124313
490025 60297.12473
490026 60297.125147
490027 60297.125563
490028 60297.12598
490029 60297.126397
490598 60300.069789
490599 60300.070206
490600 60300.070623
490601 60300.071039
490602 60300.071456
490603 60300.071873
490604 60300.072289
490605 60300.072706
490606 60300.073123
490607 60300.073539
