obsHistID expMJD
1899534 62380.29423
1899535 62380.294646
1899536 62380.295063
1899537 62380.29548
1899538 62380.295896
1899539 62380.296313
1899540 62380.29673
1899541 62380.297146
1899542 62380.297563
1899543 62380.29798
1899544 62380.298396
1899545 62380.298813
1899546 62380.29923
1899547 62380.299646
1899548 62380.300063
1899549 62380.30048
1899550 62380.300896
1899551 62380.301313
1899552 62380.30173
1899553 62380.302146
1909384 62393.280415
1909385 62393.280831
1909386 62393.281248
1909387 62393.281665
1909388 62393.282081
1909389 62393.282498
1909390 62393.282915
1909391 62393.283331
1909392 62393.283748
1909393 62393.284165
1909394 62393.284581
1909395 62393.284998
1909396 62393.285415
1909397 62393.285831
1909398 62393.286248
1909399 62393.286665
1909400 62393.287081
1909401 62393.287498
1909402 62393.287915
1909403 62393.288331
1918347 62408.265618
1918348 62408.266035
1918349 62408.266452
1918350 62408.266868
1918351 62408.267285
1918352 62408.267702
1918353 62408.268118
1918354 62408.268535
1918355 62408.268952
1918356 62408.269368
1918357 62408.269785
1918358 62408.270202
1918359 62408.270618
1918360 62408.271035
1918361 62408.271452
1918362 62408.271868
1918363 62408.272285
1918364 62408.272702
1918365 62408.273118
1918366 62408.273535
1920776 62411.203499
1920777 62411.203916
1920778 62411.204332
1920779 62411.204749
1920780 62411.205166
1920781 62411.205582
1920782 62411.205999
1920783 62411.206416
1920784 62411.206832
1920785 62411.207249
1920786 62411.207666
1920787 62411.208082
1920788 62411.208499
1920789 62411.208916
1920790 62411.209332
1920791 62411.209749
1920792 62411.210166
1920793 62411.210582
1920794 62411.210999
1920795 62411.211416
1930422 62423.353874
1930423 62423.354291
1930424 62423.354708
1930425 62423.355124
1930426 62423.355541
1930427 62423.355958
1930428 62423.356374
1930429 62423.356791
1930430 62423.357208
1930431 62423.357624
1930432 62423.358041
1930433 62423.358458
1930434 62423.358874
1930435 62423.359291
1930436 62423.359708
1930437 62423.360124
1930438 62423.360541
1930439 62423.360958
1930440 62423.361374
1930441 62423.361791
1931768 62425.207881
1931769 62425.208298
1931770 62425.208714
1931771 62425.209131
1931772 62425.209548
1931773 62425.209964
1931774 62425.210381
1931775 62425.210798
1931776 62425.211214
1931777 62425.211631
1931778 62425.212048
1931779 62425.212464
1931780 62425.212881
1931781 62425.213298
1931782 62425.213714
1931783 62425.214131
1931784 62425.214548
1931785 62425.214964
1931786 62425.215381
1931787 62425.215798
1934233 62428.228542
1934234 62428.228959
1934235 62428.229376
1934236 62428.229792
1934237 62428.230209
1934238 62428.230626
1934239 62428.231042
1934240 62428.231459
1934241 62428.231876
1934242 62428.232292
1934243 62428.232709
1934244 62428.233126
1934245 62428.233542
1934246 62428.233959
1934247 62428.234376
1934248 62428.234792
1934249 62428.235209
1934250 62428.235626
1934251 62428.236042
1934252 62428.236459
1939284 62436.124335
1939285 62436.124752
1939286 62436.125169
1939287 62436.125585
1939288 62436.126002
1939289 62436.126419
1939290 62436.126835
1939291 62436.127252
1939292 62436.127669
1939293 62436.128085
1939294 62436.128502
1939295 62436.128919
1939296 62436.129335
1939297 62436.129752
1939298 62436.130169
1939299 62436.130585
1939300 62436.131002
1939301 62436.131419
1939302 62436.131835
1939303 62436.132252
1941620 62439.127944
1941621 62439.128361
1941622 62439.128777
1941623 62439.129194
1941624 62439.129611
1941625 62439.130027
1941626 62439.130444
1941627 62439.130861
1941628 62439.131277
1941629 62439.131694
1941630 62439.132111
1941631 62439.132527
1941632 62439.132944
1941633 62439.133361
1941634 62439.133777
1941635 62439.134194
1941636 62439.134611
1941637 62439.135027
1941638 62439.135444
1941639 62439.135861
1943954 62442.122739
1943955 62442.123155
1943956 62442.123572
1943957 62442.123989
1943958 62442.124405
1943959 62442.124822
1943960 62442.125239
1943961 62442.125655
1943962 62442.126072
1943963 62442.126489
1943964 62442.126905
1943965 62442.127322
1943966 62442.127739
1943967 62442.128155
1943968 62442.128572
1943969 62442.128989
1943970 62442.129405
1943971 62442.129822
1943972 62442.130239
1943973 62442.130655
1946133 62452.094045
1946134 62452.094461
1946135 62452.094878
1946136 62452.095295
1946137 62452.095711
1946138 62452.096128
1946139 62452.096545
1946140 62452.096961
1946141 62452.097378
1946142 62452.097795
1946143 62452.098211
1946144 62452.098628
1946145 62452.099045
1946146 62452.099461
1946147 62452.099878
1946148 62452.100295
1946149 62452.100711
1946150 62452.101128
1946151 62452.101545
1946152 62452.101961
1947258 62455.096184
1947259 62455.096601
1947260 62455.097017
1947261 62455.097434
1947262 62455.097851
1947263 62455.098267
1947264 62455.098684
1947265 62455.099101
1947266 62455.099517
1947267 62455.099934
1947268 62455.100351
1947269 62455.100767
1947270 62455.101184
1947271 62455.101601
1947272 62455.102017
1947273 62455.102434
1947274 62455.102851
1947275 62455.103267
1947276 62455.103684
1947277 62455.104101
1949961 62458.33954
1949962 62458.339956
1949963 62458.340373
1949964 62458.34079
1949965 62458.341206
1949966 62458.341623
1949967 62458.34204
1949968 62458.342456
1949969 62458.342873
1949970 62458.34329
1949971 62458.343706
1949972 62458.344123
1949973 62458.34454
1949974 62458.344956
1949975 62458.345373
1949976 62458.34579
1949977 62458.346206
1949978 62458.346623
1949979 62458.34704
1949980 62458.347456
1953310 62464.061957
1953311 62464.062374
1953312 62464.062791
1953313 62464.063207
1953314 62464.063624
1953315 62464.064041
1953316 62464.064457
1953317 62464.064874
1953318 62464.065291
1953319 62464.065707
1953320 62464.066124
1953321 62464.066541
1953322 62464.066957
1953323 62464.067374
1953324 62464.067791
1953325 62464.068207
1953326 62464.068624
1953327 62464.069041
1953328 62464.069457
1953329 62464.069874
1955486 62467.063549
1955487 62467.063966
1955488 62467.064383
1955489 62467.064799
1955490 62467.065216
1955491 62467.065633
1955492 62467.066049
1955493 62467.066466
1955494 62467.066883
1955495 62467.067299
1955496 62467.067716
1955497 62467.068133
1955498 62467.068549
1955499 62467.068966
1955500 62467.069383
1955501 62467.069799
1955502 62467.070216
1955503 62467.070633
1955504 62467.071049
1955505 62467.071466
1956902 62472.065378
1956903 62472.065794
1956904 62472.066211
1956905 62472.066628
1956906 62472.067044
1956907 62472.067461
1956908 62472.067878
1956909 62472.068294
1956910 62472.068711
1956911 62472.069128
1956912 62472.069544
1956913 62472.069961
1956914 62472.070378
1956915 62472.070794
1956916 62472.071211
1956917 62472.071628
1956918 62472.072044
1956919 62472.072461
1956920 62472.072878
1956921 62472.073294
1963563 62482.072916
1963564 62482.073332
1963565 62482.073749
1963566 62482.074166
1963567 62482.074582
1963568 62482.074999
1963569 62482.075416
1963570 62482.075832
1963571 62482.076249
1963572 62482.076666
1963573 62482.077082
1963574 62482.077499
1963575 62482.077916
1963576 62482.078332
1963577 62482.078749
1963578 62482.079166
1963579 62482.079582
1963580 62482.079999
1963581 62482.080416
1963582 62482.080832
1965625 62485.074114
1965626 62485.074531
1965627 62485.074947
1965628 62485.075364
1965629 62485.075781
1965630 62485.076197
1965631 62485.076614
1965632 62485.077031
1965633 62485.077447
1965634 62485.077864
1965635 62485.078281
1965636 62485.078697
1965637 62485.079114
1965638 62485.079531
1965639 62485.079947
1965640 62485.080364
1965641 62485.080781
1965642 62485.081197
1965643 62485.081614
1965644 62485.082031
1971925 62494.099649
1971926 62494.100066
1971927 62494.100483
1971928 62494.100899
1971929 62494.101316
1971930 62494.101733
1971931 62494.102149
1971932 62494.102566
1971933 62494.102983
1971934 62494.103399
1971935 62494.103816
1971936 62494.104233
1971937 62494.104649
1971938 62494.105066
1971939 62494.105483
1971940 62494.105899
1971941 62494.106316
1971942 62494.106733
1971943 62494.107149
1971944 62494.107566
1973943 62497.091665
1973944 62497.092082
1973945 62497.092498
1973946 62497.092915
1973947 62497.093332
1973948 62497.093748
1973949 62497.094165
1973950 62497.094582
1973951 62497.094998
1973952 62497.095415
1973953 62497.095832
1973954 62497.096248
1973955 62497.096665
1973956 62497.097082
1973957 62497.097498
1973958 62497.097915
1973959 62497.098332
1973960 62497.098748
1973961 62497.099165
1973962 62497.099582
1975969 62500.092287
1975970 62500.092703
1975971 62500.09312
1975972 62500.093537
1975973 62500.093953
1975974 62500.09437
1975975 62500.094787
1975976 62500.095203
1975977 62500.09562
1975978 62500.096037
1975979 62500.096453
1975980 62500.09687
1975981 62500.097287
1975982 62500.097703
1975983 62500.09812
1975984 62500.098537
1975985 62500.098953
1975986 62500.09937
1975987 62500.099787
1975988 62500.100203
